{
    "name": "Kimberlee 1V1",
    "creator": "Kimberlee",
    "description": "Nice looking FFA/ Team Armies map with an unusual small gas planet and many metal spots",
    "version": "1.2.1",
    "planets": [
        {
            "name": "GAS",
            "mass": 50000,
            "position_x": 18200,
            "position_y": 4500,
            "velocity_x": -39.197906494140625,
            "velocity_y": 158.53372192382812,
            "required_thrust_to_move": 0,
            "starting_planet": false,
            "planet": {
                "seed": 1779677056,
                "radius": 250,
                "heightRange": 0,
                "waterHeight": 0,
                "waterDepth": 50,
                "temperature": 50,
                "metalDensity": 0,
                "metalClusters": 0,
                "biomeScale": 100.00000013739177,
                "biome": "gas",
                "symmetryType": "none",
                "symmetricalMetal": false,
                "symmetricalStarts": false,
                "numArmies": 2,
                "landingZonesPerArmy": 0,
                "landingZoneSize": 0
            }
        },
        {
            "name": "PEACE",
            "mass": 10000,
            "position_x": 26246.623046875,
            "position_y": 6079.9052734375,
            "velocity_x": 30.74301528930664,
            "velocity_y": -132.71591186523438,
            "required_thrust_to_move": 0,
            "starting_planet": true,
            "planet": {
                "seed": 1858005248,
                "radius": 500,
                "heightRange": 0,
                "waterHeight": 30.000001907348633,
                "waterDepth": 0,
                "temperature": 100,
                "metalDensity": 0,
                "metalClusters": 0,
                "biomeScale": 75.00000006869588,
                "biome": "desert",
                "symmetryType": "terrain and CSG",
                "symmetricalMetal": false,
                "symmetricalStarts": false,
                "numArmies": 2,
                "landingZonesPerArmy": 0,
                "landingZoneSize": 100
            },
            "source": {
                "brushes": [
                    {
                        "weight": [
                            1,
                            1,
                            1,
                            1
                        ],
                        "spec": "/pa/terrain/desert/brushes/desert_plateau_08.json",
                        "proj": "BP_Bend",
                        "transform": [
                            0.699953019618988,
                            -0.4094284176826477,
                            -0.585178792476654,
                            -293.1753845214844,
                            -0.40938040614128113,
                            0.44138097763061523,
                            -0.7984926700592041,
                            -400.0459289550781,
                            -0.5852123498916626,
                            -0.7984680533409119,
                            -0.1413339376449585,
                            -70.8084945678711
                        ],
                        "op": "BO_Add",
                        "rotation": 0.0000420505712099839,
                        "scale": [
                            1,
                            1,
                            1
                        ],
                        "height": 501.0013732910156,
                        "position": [
                            -293.17535400390625,
                            -400.0459289550781,
                            70.80854797363281
                        ],
                        "weightHard": false,
                        "weightScale": [
                            1,
                            1,
                            1
                        ],
                        "mirrored": true,
                        "twinId": 107,
                        "flooded": false,
                        "pathable": false,
                        "mergeable": false,
                        "no_features": false
                    },
                    {
                        "weight": [
                            1,
                            1,
                            1,
                            1
                        ],
                        "spec": "/pa/terrain/desert/brushes/desert_plateau_11.json",
                        "proj": "BP_Bend",
                        "transform": [
                            0.6259555816650391,
                            -0.5025907158851624,
                            -0.5963072180747986,
                            -298.8443908691406,
                            -0.5025907158851624,
                            0.32468605041503906,
                            -0.8012376427650452,
                            -401.5470275878906,
                            0.5963072180747986,
                            0.8012376427650452,
                            -0.049358367919921875,
                            -24.73636245727539
                        ],
                        "op": "BO_Add",
                        "rotation": 2.5811150994314858e-9,
                        "scale": [
                            1,
                            1,
                            1
                        ],
                        "height": 501.158447265625,
                        "position": [
                            -298.8443603515625,
                            -401.54693603515625,
                            -24.736286163330078
                        ],
                        "weightHard": false,
                        "weightScale": [
                            1,
                            1,
                            1
                        ],
                        "mirrored": false,
                        "twinId": 108,
                        "flooded": false,
                        "pathable": false,
                        "mergeable": false,
                        "no_features": false
                    },
                    {
                        "weight": [
                            1,
                            1,
                            1,
                            1
                        ],
                        "spec": "/pa/terrain/desert/brushes/desert_plateau_11.json",
                        "proj": "BP_Bend",
                        "transform": [
                            0.6259555816650391,
                            -0.5025907158851624,
                            -0.5963072180747986,
                            -298.8443908691406,
                            -0.5025907158851624,
                            0.32468605041503906,
                            -0.8012376427650452,
                            -401.5470275878906,
                            -0.5963072180747986,
                            -0.8012376427650452,
                            0.049358367919921875,
                            24.73636245727539
                        ],
                        "op": "BO_Add",
                        "rotation": 2.5811150994314858e-9,
                        "scale": [
                            1,
                            1,
                            1
                        ],
                        "height": 501.158447265625,
                        "position": [
                            -298.8443603515625,
                            -401.54693603515625,
                            -24.736286163330078
                        ],
                        "weightHard": false,
                        "weightScale": [
                            1,
                            1,
                            1
                        ],
                        "mirrored": true,
                        "twinId": 108,
                        "flooded": false,
                        "pathable": false,
                        "mergeable": false,
                        "no_features": false
                    },
                    {
                        "weight": [
                            1,
                            1,
                            1,
                            1
                        ],
                        "spec": "/pa/terrain/desert/brushes/desert_plateau_11.json",
                        "proj": "BP_Bend",
                        "transform": [
                            0.5205299854278564,
                            -0.5245330333709717,
                            -0.6737310886383057,
                            -338.1182556152344,
                            -0.5245330333709717,
                            0.4261687397956848,
                            -0.7370517253875732,
                            -369.8963317871094,
                            0.6737310886383057,
                            0.7370517253875732,
                            -0.053301334381103516,
                            -26.749774932861328
                        ],
                        "op": "BO_Add",
                        "rotation": 2.5811150994314858e-9,
                        "scale": [
                            1,
                            1,
                            1
                        ],
                        "height": 501.859375,
                        "position": [
                            -338.1182861328125,
                            -369.8963623046875,
                            -26.7497615814209
                        ],
                        "weightHard": false,
                        "weightScale": [
                            1,
                            1,
                            1
                        ],
                        "mirrored": false,
                        "twinId": 109,
                        "flooded": false,
                        "pathable": false,
                        "mergeable": false,
                        "no_features": false
                    },
                    {
                        "weight": [
                            1,
                            1,
                            1,
                            1
                        ],
                        "spec": "/pa/terrain/desert/brushes/desert_plateau_11.json",
                        "proj": "BP_Bend",
                        "transform": [
                            0.5205299854278564,
                            -0.5245330333709717,
                            -0.6737310886383057,
                            -338.1182861328125,
                            -0.5245330333709717,
                            0.4261687397956848,
                            -0.7370517253875732,
                            -369.8963623046875,
                            -0.6737310886383057,
                            -0.7370517253875732,
                            0.053301334381103516,
                            26.74977684020996
                        ],
                        "op": "BO_Add",
                        "rotation": 2.5811150994314858e-9,
                        "scale": [
                            1,
                            1,
                            1
                        ],
                        "height": 501.859375,
                        "position": [
                            -338.1182861328125,
                            -369.8963623046875,
                            -26.7497615814209
                        ],
                        "weightHard": false,
                        "weightScale": [
                            1,
                            1,
                            1
                        ],
                        "mirrored": true,
                        "twinId": 109,
                        "flooded": false,
                        "pathable": false,
                        "mergeable": false,
                        "no_features": false
                    },
                    {
                        "weight": [
                            1,
                            1,
                            1,
                            1
                        ],
                        "spec": "/pa/terrain/desert/brushes/desert_plateau_08.json",
                        "proj": "BP_Bend",
                        "transform": [
                            0.509208619594574,
                            -0.5632385611534119,
                            -0.6507447957992554,
                            -326.3671569824219,
                            -0.5632023215293884,
                            0.35366174578666687,
                            -0.7468108534812927,
                            -374.5470275878906,
                            0.650776207447052,
                            0.7467834949493408,
                            -0.13712966442108154,
                            -68.77445220947266
                        ],
                        "op": "BO_Add",
                        "rotation": 0.0000420505712099839,
                        "scale": [
                            1,
                            1,
                            1
                        ],
                        "height": 501.52862548828125,
                        "position": [
                            -326.3671875,
                            -374.54705810546875,
                            -68.77454376220703
                        ],
                        "weightHard": false,
                        "weightScale": [
                            1,
                            1,
                            1
                        ],
                        "mirrored": false,
                        "twinId": 110,
                        "flooded": false,
                        "pathable": false,
                        "mergeable": false,
                        "no_features": false
                    },
                    {
                        "weight": [
                            1,
                            1,
                            1,
                            1
                        ],
                        "spec": "/pa/terrain/desert/brushes/desert_plateau_08.json",
                        "proj": "BP_Bend",
                        "transform": [
                            0.509208619594574,
                            -0.5632385611534119,
                            -0.6507447957992554,
                            -326.3671875,
                            -0.5632023215293884,
                            0.35366174578666687,
                            -0.7468108534812927,
                            -374.54705810546875,
                            -0.650776207447052,
                            -0.7467834949493408,
                            0.13712966442108154,
                            68.77445220947266
                        ],
                        "op": "BO_Add",
                        "rotation": 0.0000420505712099839,
                        "scale": [
                            1,
                            1,
                            1
                        ],
                        "height": 501.52862548828125,
                        "position": [
                            -326.3671875,
                            -374.54705810546875,
                            -68.77454376220703
                        ],
                        "weightHard": false,
                        "weightScale": [
                            1,
                            1,
                            1
                        ],
                        "mirrored": true,
                        "twinId": 110,
                        "flooded": false,
                        "pathable": false,
                        "mergeable": false,
                        "no_features": false
                    },
                    {
                        "weight": [
                            1,
                            1,
                            1,
                            1
                        ],
                        "spec": "/pa/terrain/desert/brushes/desert_plateau_11.json",
                        "proj": "BP_Bend",
                        "transform": [
                            0.4221668243408203,
                            -0.5224816799163818,
                            -0.7408022880554199,
                            -372.03790283203125,
                            -0.5224816799163818,
                            0.5275676846504211,
                            -0.6698396801948547,
                            -336.3998107910156,
                            0.7408022880554199,
                            0.6698396801948547,
                            -0.05026555061340332,
                            -25.243833541870117
                        ],
                        "op": "BO_Add",
                        "rotation": 2.5811150994314858e-9,
                        "scale": [
                            1,
                            1,
                            1
                        ],
                        "height": 502.2094421386719,
                        "position": [
                            -372.0379333496094,
                            -336.39984130859375,
                            -25.243850708007812
                        ],
                        "weightHard": false,
                        "weightScale": [
                            1,
                            1,
                            1
                        ],
                        "mirrored": false,
                        "twinId": 111,
                        "flooded": false,
                        "pathable": false,
                        "mergeable": false,
                        "no_features": false
                    },
                    {
                        "weight": [
                            1,
                            1,
                            1,
                            1
                        ],
                        "spec": "/pa/terrain/desert/brushes/desert_plateau_11.json",
                        "proj": "BP_Bend",
                        "transform": [
                            0.4221668243408203,
                            -0.5224816799163818,
                            -0.7408022880554199,
                            -372.0378723144531,
                            -0.5224816799163818,
                            0.5275676846504211,
                            -0.6698396801948547,
                            -336.3997802734375,
                            -0.7408022880554199,
                            -0.6698396801948547,
                            0.05026555061340332,
                            25.243833541870117
                        ],
                        "op": "BO_Add",
                        "rotation": 2.5811150994314858e-9,
                        "scale": [
                            1,
                            1,
                            1
                        ],
                        "height": 502.2094421386719,
                        "position": [
                            -372.0379333496094,
                            -336.39984130859375,
                            -25.243850708007812
                        ],
                        "weightHard": false,
                        "weightScale": [
                            1,
                            1,
                            1
                        ],
                        "mirrored": true,
                        "twinId": 111,
                        "flooded": false,
                        "pathable": false,
                        "mergeable": false,
                        "no_features": false
                    },
                    {
                        "weight": [
                            1,
                            1,
                            1,
                            1
                        ],
                        "spec": "/pa/terrain/desert/brushes/desert_plateau_11.json",
                        "proj": "BP_Bend",
                        "transform": [
                            0.3145180940628052,
                            -0.5016363859176636,
                            -0.8058779239654541,
                            -404.7036437988281,
                            -0.5016363859176636,
                            0.6329019069671631,
                            -0.5897423624992371,
                            -296.1625671386719,
                            0.8058779239654541,
                            0.5897423624992371,
                            -0.05257999897003174,
                            -26.405136108398438
                        ],
                        "op": "BO_Add",
                        "rotation": 2.5811150994314858e-9,
                        "scale": [
                            1,
                            1,
                            1
                        ],
                        "height": 502.18975830078125,
                        "position": [
                            -404.70367431640625,
                            -296.1625671386719,
                            -26.405120849609375
                        ],
                        "weightHard": false,
                        "weightScale": [
                            1,
                            1,
                            1
                        ],
                        "mirrored": false,
                        "twinId": 112,
                        "flooded": false,
                        "pathable": false,
                        "mergeable": false,
                        "no_features": false
                    },
                    {
                        "weight": [
                            1,
                            1,
                            1,
                            1
                        ],
                        "spec": "/pa/terrain/desert/brushes/desert_plateau_11.json",
                        "proj": "BP_Bend",
                        "transform": [
                            0.3145180940628052,
                            -0.5016363859176636,
                            -0.8058779239654541,
                            -404.7036437988281,
                            -0.5016363859176636,
                            0.6329019069671631,
                            -0.5897423624992371,
                            -296.1625671386719,
                            -0.8058779239654541,
                            -0.5897423624992371,
                            0.05257999897003174,
                            26.405136108398438
                        ],
                        "op": "BO_Add",
                        "rotation": 2.5811150994314858e-9,
                        "scale": [
                            1,
                            1,
                            1
                        ],
                        "height": 502.18975830078125,
                        "position": [
                            -404.70367431640625,
                            -296.1625671386719,
                            -26.405120849609375
                        ],
                        "weightHard": false,
                        "weightScale": [
                            1,
                            1,
                            1
                        ],
                        "mirrored": true,
                        "twinId": 112,
                        "flooded": false,
                        "pathable": false,
                        "mergeable": false,
                        "no_features": false
                    },
                    {
                        "weight": [
                            1,
                            1,
                            1,
                            1
                        ],
                        "spec": "/pa/terrain/desert/brushes/desert_plateau_08.json",
                        "proj": "BP_Bend",
                        "transform": [
                            0.41622379422187805,
                            -0.5705268979072571,
                            -0.7079949378967285,
                            -355.2833557128906,
                            -0.5704907774925232,
                            0.442456990480423,
                            -0.6919335722923279,
                            -347.2235107421875,
                            0.7080240249633789,
                            0.691903829574585,
                            -0.14131927490234375,
                            -70.91630554199219
                        ],
                        "op": "BO_Add",
                        "rotation": 0.0000420505712099839,
                        "scale": [
                            1,
                            1,
                            1
                        ],
                        "height": 501.8162536621094,
                        "position": [
                            -355.28338623046875,
                            -347.2235107421875,
                            -70.91622161865234
                        ],
                        "weightHard": false,
                        "weightScale": [
                            1,
                            1,
                            1
                        ],
                        "mirrored": false,
                        "twinId": 113,
                        "flooded": false,
                        "pathable": false,
                        "mergeable": false,
                        "no_features": false
                    },
                    {
                        "weight": [
                            1,
                            1,
                            1,
                            1
                        ],
                        "spec": "/pa/terrain/desert/brushes/desert_plateau_08.json",
                        "proj": "BP_Bend",
                        "transform": [
                            0.41622379422187805,
                            -0.5705268979072571,
                            -0.7079949378967285,
                            -355.2833557128906,
                            -0.5704907774925232,
                            0.442456990480423,
                            -0.6919335722923279,
                            -347.2235412597656,
                            -0.7080240249633789,
                            -0.691903829574585,
                            0.14131927490234375,
                            70.91630554199219
                        ],
                        "op": "BO_Add",
                        "rotation": 0.0000420505712099839,
                        "scale": [
                            1,
                            1,
                            1
                        ],
                        "height": 501.8162536621094,
                        "position": [
                            -355.28338623046875,
                            -347.2235107421875,
                            -70.91622161865234
                        ],
                        "weightHard": false,
                        "weightScale": [
                            1,
                            1,
                            1
                        ],
                        "mirrored": true,
                        "twinId": 113,
                        "flooded": false,
                        "pathable": false,
                        "mergeable": false,
                        "no_features": false
                    },
                    {
                        "weight": [
                            1,
                            1,
                            1,
                            1
                        ],
                        "spec": "/pa/terrain/desert/brushes/desert_plateau_08.json",
                        "proj": "BP_Bend",
                        "transform": [
                            0.32837823033332825,
                            -0.5687933564186096,
                            -0.7540833950042725,
                            -378.26324462890625,
                            -0.5687577128410339,
                            0.518321692943573,
                            -0.6386369466781616,
                            -320.3529968261719,
                            0.7541102766990662,
                            0.6386052370071411,
                            -0.15330004692077637,
                            -76.89835357666016
                        ],
                        "op": "BO_Add",
                        "rotation": 0.0000420505712099839,
                        "scale": [
                            1,
                            1,
                            1
                        ],
                        "height": 501.6199035644531,
                        "position": [
                            -378.26324462890625,
                            -320.35302734375,
                            -76.89842987060547
                        ],
                        "weightHard": false,
                        "weightScale": [
                            1,
                            1,
                            1
                        ],
                        "mirrored": false,
                        "twinId": 114,
                        "flooded": false,
                        "pathable": false,
                        "mergeable": false,
                        "no_features": false
                    },
                    {
                        "weight": [
                            1,
                            1,
                            1,
                            1
                        ],
                        "spec": "/pa/terrain/desert/brushes/desert_plateau_08.json",
                        "proj": "BP_Bend",
                        "transform": [
                            0.32837823033332825,
                            -0.5687933564186096,
                            -0.7540833950042725,
                            -378.26324462890625,
                            -0.5687577128410339,
                            0.518321692943573,
                            -0.6386369466781616,
                            -320.3529968261719,
                            -0.7541102766990662,
                            -0.6386052370071411,
                            0.15330004692077637,
                            76.89835357666016
                        ],
                        "op": "BO_Add",
                        "rotation": 0.0000420505712099839,
                        "scale": [
                            1,
                            1,
                            1
                        ],
                        "height": 501.6199035644531,
                        "position": [
                            -378.26324462890625,
                            -320.35302734375,
                            -76.89842987060547
                        ],
                        "weightHard": false,
                        "weightScale": [
                            1,
                            1,
                            1
                        ],
                        "mirrored": true,
                        "twinId": 114,
                        "flooded": false,
                        "pathable": false,
                        "mergeable": false,
                        "no_features": false
                    },
                    {
                        "weight": [
                            1,
                            1,
                            1,
                            1
                        ],
                        "spec": "/pa/terrain/desert/brushes/desert_plateau_08.json",
                        "proj": "BP_Bend",
                        "transform": [
                            0.2377871572971344,
                            -0.5392202138900757,
                            -0.8078978657722473,
                            -404.95953369140625,
                            -0.5391842126846313,
                            0.6185592412948608,
                            -0.5715460181236267,
                            -286.4879455566406,
                            0.8079218864440918,
                            0.5715120434761047,
                            -0.1436535120010376,
                            -72.0064468383789
                        ],
                        "op": "BO_Add",
                        "rotation": 0.0000420505712099839,
                        "scale": [
                            1,
                            1,
                            1
                        ],
                        "height": 501.2508850097656,
                        "position": [
                            -404.95947265625,
                            -286.4879150390625,
                            -72.00648498535156
                        ],
                        "weightHard": false,
                        "weightScale": [
                            1,
                            1,
                            1
                        ],
                        "mirrored": false,
                        "twinId": 115,
                        "flooded": false,
                        "pathable": false,
                        "mergeable": false,
                        "no_features": false
                    },
                    {
                        "weight": [
                            1,
                            1,
                            1,
                            1
                        ],
                        "spec": "/pa/terrain/desert/brushes/desert_plateau_08.json",
                        "proj": "BP_Bend",
                        "transform": [
                            0.2377871572971344,
                            -0.5392202138900757,
                            -0.8078978657722473,
                            -404.95953369140625,
                            -0.5391842126846313,
                            0.6185592412948608,
                            -0.5715460181236267,
                            -286.48797607421875,
                            -0.8079218864440918,
                            -0.5715120434761047,
                            0.1436535120010376,
                            72.0064468383789
                        ],
                        "op": "BO_Add",
                        "rotation": 0.0000420505712099839,
                        "scale": [
                            1,
                            1,
                            1
                        ],
                        "height": 501.2508850097656,
                        "position": [
                            -404.95947265625,
                            -286.4879150390625,
                            -72.00648498535156
                        ],
                        "weightHard": false,
                        "weightScale": [
                            1,
                            1,
                            1
                        ],
                        "mirrored": true,
                        "twinId": 115,
                        "flooded": false,
                        "pathable": false,
                        "mergeable": false,
                        "no_features": false
                    },
                    {
                        "weight": [
                            1,
                            1,
                            1,
                            1
                        ],
                        "spec": "/pa/terrain/desert/brushes/desert_plateau_08.json",
                        "proj": "BP_Bend",
                        "transform": [
                            0.8292533755302429,
                            -0.251571387052536,
                            -0.49904972314834595,
                            -249.58023071289062,
                            -0.25151005387306213,
                            0.6294348835945129,
                            -0.7352240085601807,
                            -367.6935729980469,
                            0.499080628156662,
                            0.7352030277252197,
                            0.45868825912475586,
                            229.39501953125
                        ],
                        "op": "BO_Add",
                        "rotation": 0.0000420505712099839,
                        "scale": [
                            1,
                            1,
                            1
                        ],
                        "height": 500.1109619140625,
                        "position": [
                            -249.58026123046875,
                            -367.693603515625,
                            229.39498901367188
                        ],
                        "weightHard": false,
                        "weightScale": [
                            1,
                            1,
                            1
                        ],
                        "mirrored": false,
                        "twinId": 116,
                        "flooded": false,
                        "pathable": false,
                        "mergeable": false,
                        "no_features": false
                    },
                    {
                        "weight": [
                            1,
                            1,
                            1,
                            1
                        ],
                        "spec": "/pa/terrain/desert/brushes/desert_plateau_08.json",
                        "proj": "BP_Bend",
                        "transform": [
                            0.8292533755302429,
                            -0.251571387052536,
                            -0.49904972314834595,
                            -249.58021545410156,
                            -0.25151005387306213,
                            0.6294348835945129,
                            -0.7352240085601807,
                            -367.6935729980469,
                            -0.499080628156662,
                            -0.7352030277252197,
                            -0.45868825912475586,
                            -229.39501953125
                        ],
                        "op": "BO_Add",
                        "rotation": 0.0000420505712099839,
                        "scale": [
                            1,
                            1,
                            1
                        ],
                        "height": 500.1109619140625,
                        "position": [
                            -249.58026123046875,
                            -367.693603515625,
                            229.39498901367188
                        ],
                        "weightHard": false,
                        "weightScale": [
                            1,
                            1,
                            1
                        ],
                        "mirrored": true,
                        "twinId": 116,
                        "flooded": false,
                        "pathable": false,
                        "mergeable": false,
                        "no_features": false
                    },
                    {
                        "weight": [
                            1,
                            1,
                            1,
                            1
