{
    "name": "Lana's Denial",
    "creator": "Violet Ania",
    "version": "1",
    "date": "2015/12/03",
    "description": "A medium planet with a giant heart on the back. Ideal for 1v1s and 2v2s.",
    "planets": [
        {
            "name": "Xu, Zhi Yen",
            "mass": 5000,
            "position_x": 11200,
            "position_y": -18700,
            "velocity_x": 129.93235778808594,
            "velocity_y": 77.8204574584961,
            "required_thrust_to_move": 3,
            "starting_planet": true,
            "respawn": false,
            "start_destroyed": false,
            "min_spawn_delay": 0,
            "max_spawn_delay": 0,
            "planet": {
                "seed": 1728033024,
                "radius": 350,
                "heightRange": 0,
                "waterHeight": 0,
                "waterDepth": 100,
                "temperature": 33,
                "metalDensity": 55,
                "metalClusters": 25,
                "metalSpotLimit": -1,
                "biomeScale": 50,
                "biome": "moon",
                "symmetryType": "terrain and CSG",
                "symmetricalMetal": true,
                "symmetricalStarts": true,
                "numArmies": 2,
                "landingZonesPerArmy": 0,
                "landingZoneSize": 0
            },
            "source": {
                "brushes": [
                    {
                        "spec": "/pa/terrain/metal/brushes/metal_structure_02.json",
                        "weight": [
                            1,
                            1,
                            1,
                            1
                        ],
                        "proj": "BP_Bend",
                        "op": "BO_Add",
                        "transform": [
                            -0.035359323024749756,
                            0.6353484392166138,
                            0.7714155912399292,
                            270.1174621582031,
                            0.03950747847557068,
                            0.7721835970878601,
                            -0.6341699361801147,
                            -222.05978393554688,
                            -0.9985933303833008,
                            0.008052825927734375,
                            -0.05240488052368164,
                            -18.34999656677246
                        ],
                        "scale": [
                            1,
                            1,
                            1
                        ],
                        "rotation": -0.6799996495246887,
                        "position": [
                            270.11749267578125,
                            -222.059814453125,
                            -18.35004425048828
                        ],
                        "height": 350.1581726074219,
                        "weightHard": false,
                        "weightScale": [
                            1,
                            1,
                            1
                        ],
                        "mirrored": false,
                        "twinId": 7,
                        "flooded": false,
                        "pathable": true,
                        "mergeable": true,
                        "no_features": false
                    },
                    {
                        "spec": "/pa/terrain/metal/brushes/metal_structure_02.json",
                        "weight": [
                            1,
                            1,
                            1,
                            1
                        ],
                        "proj": "BP_Bend",
                        "op": "BO_Add",
                        "transform": [
                            -0.035359323024749756,
                            0.6353484392166138,
                            0.7714155912399292,
                            270.1174621582031,
                            0.03950747847557068,
                            0.7721835970878601,
                            -0.6341699361801147,
                            -222.05978393554688,
                            0.9985933303833008,
                            -0.008052825927734375,
                            0.05240488052368164,
                            18.34999656677246
                        ],
                        "scale": [
                            1,
                            1,
                            1
                        ],
                        "rotation": -0.6799996495246887,
                        "position": [
                            270.11749267578125,
                            -222.059814453125,
                            -18.35004425048828
                        ],
                        "height": 350.1581726074219,
                        "weightHard": false,
                        "weightScale": [
                            1,
                            1,
                            1
                        ],
                        "mirrored": true,
                        "twinId": 7,
                        "flooded": false,
                        "pathable": true,
                        "mergeable": true,
                        "no_features": false
                    },
                    {
                        "spec": "/pa/terrain/metal/brushes/metal_structure_02.json",
                        "weight": [
                            1,
                            1,
                            1,
                            1
                        ],
                        "proj": "BP_Bend",
                        "op": "BO_Add",
                        "transform": [
                            -0.4153447151184082,
                            0.6953116059303284,
                            0.5865409970283508,
                            205.28213500976562,
                            0.3314509987831116,
                            0.7161397337913513,
                            -0.6142343878746033,
                            -214.9744873046875,
                            -0.8471295833587646,
                            -0.0607093870639801,
                            -0.5279066562652588,
                            -184.76083374023438
                        ],
                        "scale": [
                            1,
                            1,
                            1
                        ],
                        "rotation": -0.8799994587898254,
                        "position": [
                            205.28216552734375,
                            -214.9744873046875,
                            -184.76089477539062
                        ],
                        "height": 349.9877014160156,
                        "weightHard": false,
                        "weightScale": [
                            1,
                            1,
                            1
                        ],
                        "mirrored": false,
                        "twinId": 8,
                        "flooded": false,
                        "pathable": true,
                        "mergeable": true,
                        "no_features": false
                    },
                    {
                        "spec": "/pa/terrain/metal/brushes/metal_structure_02.json",
                        "weight": [
                            1,
                            1,
                            1,
                            1
                        ],
                        "proj": "BP_Bend",
                        "op": "BO_Add",
                        "transform": [
                            -0.4153447151184082,
                            0.6953116059303284,
                            0.5865409970283508,
                            205.28211975097656,
                            0.3314509987831116,
                            0.7161397337913513,
                            -0.6142343878746033,
                            -214.9744873046875,
                            0.8471295833587646,
                            0.0607093870639801,
                            0.5279066562652588,
                            184.7608184814453
                        ],
                        "scale": [
                            1,
                            1,
                            1
                        ],
                        "rotation": -0.8799994587898254,
                        "position": [
                            205.28216552734375,
                            -214.9744873046875,
                            -184.76089477539062
                        ],
                        "height": 349.9877014160156,
                        "weightHard": false,
                        "weightScale": [
                            1,
                            1,
                            1
                        ],
                        "mirrored": true,
                        "twinId": 8,
                        "flooded": false,
                        "pathable": true,
                        "mergeable": true,
                        "no_features": false
                    },
                    {
                        "spec": "/pa/terrain/metal/brushes/metal_structure_02.json",
                        "weight": [
                            1,
                            1,
                            1,
                            1
                        ],
                        "proj": "BP_Bend",
                        "op": "BO_Add",
                        "transform": [
                            -0.10681761801242828,
                            0.5558953881263733,
                            0.8243604302406311,
                            289.1111145019531,
                            0.1121724545955658,
                            0.8305485248565674,
                            -0.5455331206321716,
                            -191.32369995117188,
                            -0.9879306554794312,
                            0.03419795632362366,
                            -0.15107333660125732,
                            -52.98286819458008
                        ],
                        "scale": [
                            1,
                            1,
                            1
                        ],
                        "rotation": -0.5499997735023499,
                        "position": [
                            289.11114501953125,
                            -191.32373046875,
                            -52.98295593261719
                        ],
                        "height": 350.7095947265625,
                        "weightHard": false,
                        "weightScale": [
                            1,
                            1,
                            1
                        ],
                        "mirrored": false,
                        "twinId": 9,
                        "flooded": false,
                        "pathable": true,
                        "mergeable": true,
                        "no_features": false
                    },
                    {
                        "spec": "/pa/terrain/metal/brushes/metal_structure_02.json",
                        "weight": [
                            1,
                            1,
                            1,
                            1
                        ],
                        "proj": "BP_Bend",
                        "op": "BO_Add",
                        "transform": [
                            -0.10681761801242828,
                            0.5558953881263733,
                            0.8243604302406311,
                            289.1111145019531,
                            0.1121724545955658,
                            0.8305485248565674,
                            -0.5455331206321716,
                            -191.32371520996094,
                            0.9879306554794312,
                            -0.03419795632362366,
                            0.15107333660125732,
                            52.98286819458008
                        ],
                        "scale": [
                            1,
                            1,
                            1
                        ],
                        "rotation": -0.5499997735023499,
                        "position": [
                            289.11114501953125,
                            -191.32373046875,
                            -52.98295593261719
                        ],
                        "height": 350.7095947265625,
                        "weightHard": false,
                        "weightScale": [
                            1,
                            1,
                            1
                        ],
                        "mirrored": true,
                        "twinId": 9,
                        "flooded": false,
                        "pathable": true,
                        "mergeable": true,
                        "no_features": false
                    },
                    {
                        "spec": "/pa/terrain/metal/brushes/metal_structure_02.json",
                        "weight": [
                            1,
                            1,
                            1,
                            1
                        ],
                        "proj": "BP_Bend",
                        "op": "BO_Add",
                        "transform": [
                            -0.35313311219215393,
                            0.5541391968727112,
                            0.753808319568634,
                            264.3547058105469,
                            0.2671542465686798,
                            0.8318967819213867,
                            -0.48639124631881714,
                            -170.57362365722656,
                            -0.8966192007064819,
                            0.02962222695350647,
                            -0.4418109655380249,
                            -154.93966674804688
                        ],
                        "scale": [
                            1,
                            1,
                            1
                        ],
                        "rotation": -0.539999783039093,
                        "position": [
                            264.35467529296875,
                            -170.5736083984375,
                            -154.93960571289062
                        ],
                        "height": 350.6922302246094,
                        "weightHard": false,
                        "weightScale": [
                            1,
                            1,
                            1
                        ],
                        "mirrored": false,
                        "twinId": 10,
                        "flooded": false,
                        "pathable": true,
                        "mergeable": true,
                        "no_features": false
                    },
                    {
                        "spec": "/pa/terrain/metal/brushes/metal_structure_02.json",
                        "weight": [
                            1,
                            1,
                            1,
                            1
                        ],
                        "proj": "BP_Bend",
                        "op": "BO_Add",
                        "transform": [
                            -0.35313311219215393,
                            0.5541391968727112,
                            0.753808319568634,
                            264.3547058105469,
                            0.2671542465686798,
                            0.8318967819213867,
                            -0.48639124631881714,
                            -170.57362365722656,
                            0.8966192007064819,
                            -0.02962222695350647,
                            0.4418109655380249,
                            154.93966674804688
                        ],
                        "scale": [
                            1,
                            1,
                            1
                        ],
                        "rotation": -0.539999783039093,
                        "position": [
                            264.35467529296875,
                            -170.5736083984375,
                            -154.93960571289062
                        ],
                        "height": 350.6922302246094,
                        "weightHard": false,
                        "weightScale": [
                            1,
                            1,
                            1
                        ],
                        "mirrored": true,
                        "twinId": 10,
                        "flooded": false,
                        "pathable": true,
                        "mergeable": true,
                        "no_features": false
                    },
                    {
                        "spec": "/pa/terrain/metal/brushes/metal_structure_02.json",
                        "weight": [
                            1,
                            1,
                            1,
                            1
                        ],
                        "proj": "BP_Bend",
                        "op": "BO_Add",
                        "transform": [
                            -0.18727366626262665,
                            0.4726053476333618,
                            0.8611461520195007,
                            302.6138916015625,
                            0.17200800776481628,
                            0.8788886666297913,
                            -0.44493594765663147,
                            -156.35418701171875,
                            -0.967130720615387,
                            0.0647992491722107,
                            -0.24588465690612793,
                            -86.4059066772461
                        ],
                        "scale": [
                            1,
                            1,
                            1
                        ],
                        "rotation": -0.40999987721443176,
                        "position": [
                            302.6139221191406,
                            -156.35418701171875,
                            -86.4058837890625
                        ],
                        "height": 351.4082946777344,
                        "weightHard": false,
                        "weightScale": [
                            1,
                            1,
                            1
                        ],
                        "mirrored": false,
                        "twinId": 11,
                        "flooded": false,
                        "pathable": true,
                        "mergeable": true,
                        "no_features": false
                    },
                    {
                        "spec": "/pa/terrain/metal/brushes/metal_structure_02.json",
                        "weight": [
                            1,
                            1,
                            1,
                            1
                        ],
                        "proj": "BP_Bend",
                        "op": "BO_Add",
                        "transform": [
                            -0.18727366626262665,
                            0.4726053476333618,
                            0.8611461520195007,
                            302.6138916015625,
                            0.17200800776481628,
                            0.8788886666297913,
                            -0.44493594765663147,
                            -156.35418701171875,
                            0.967130720615387,
                            -0.0647992491722107,
                            0.24588465690612793,
                            86.4059066772461
                        ],
                        "scale": [
                            1,
                            1,
                            1
                        ],
                        "rotation": -0.40999987721443176,
                        "position": [
                            302.6139221191406,
                            -156.35418701171875,
                            -86.4058837890625
                        ],
                        "height": 351.4082946777344,
                        "weightHard": false,
                        "weightScale": [
                            1,
                            1,
                            1
                        ],
                        "mirrored": true,
                        "twinId": 11,
                        "flooded": false,
                        "pathable": true,
                        "mergeable": true,
                        "no_features": false
                    },
                    {
                        "spec": "/pa/terrain/metal/brushes/metal_structure_02.json",
                        "weight": [
                            1,
                            1,
                            1,
                            1
                        ],
                        "proj": "BP_Bend",
                        "op": "BO_Add",
                        "transform": [
                            -0.27419352531433105,
                            0.4718557596206665,
                            0.8379557728767395,
                            294.270751953125,
                            0.2160194218158722,
                            0.8793035745620728,
                            -0.4244535267353058,
                            -149.05828857421875,
                            -0.9370983242988586,
                            0.0646323561668396,
                            -0.3430293798446655,
                            -120.46400451660156
                        ],
                        "scale": [
                            1,
                            1,
                            1
                        ],
                        "rotation": -0.3999998867511749,
                        "position": [
                            294.270751953125,
                            -149.05828857421875,
                            -120.46403503417969
                        ],
                        "height": 351.17694091796875,
                        "weightHard": false,
                        "weightScale": [
                            1,
                            1,
                            1
                        ],
                        "mirrored": false,
                        "twinId": 12,
                        "flooded": false,
                        "pathable": true,
                        "mergeable": true,
                        "no_features": false
                    },
                    {
                        "spec": "/pa/terrain/metal/brushes/metal_structure_02.json",
                        "weight": [
                            1,
                            1,
                            1,
                            1
                        ],
                        "proj": "BP_Bend",
                        "op": "BO_Add",
                        "transform": [
                            -0.27419352531433105,
                            0.4718557596206665,
                            0.8379557728767395,
                            294.270751953125,
                            0.2160194218158722,
                            0.8793035745620728,
                            -0.4244535267353058,
                            -149.05828857421875,
                            0.9370983242988586,
                            -0.0646323561668396,
                            0.3430293798446655,
                            120.46400451660156
                        ],
                        "scale": [
                            1,
                            1,
                            1
                        ],
                        "rotation": -0.3999998867511749,
                        "position": [
                            294.270751953125,
                            -149.05828857421875,
                            -120.46403503417969
                        ],
                        "height": 351.17694091796875,
                        "weightHard": false,
                        "weightScale": [
                            1,
                            1,
                            1
                        ],
                        "mirrored": true,
                        "twinId": 12,
                        "flooded": false,
                        "pathable": true,
                        "mergeable": true,
                        "no_features": false
                    },
                    {
                        "spec": "/pa/terrain/metal/brushes/metal_structure_02.json",
                        "weight": [
                            1,
                            1,
                            1,
                            1
                        ],
                        "proj": "BP_Bend",
                        "op": "BO_Add",
                        "transform": [
                            -0.4056904911994934,
                            0.6377755999565125,
                            0.6547194719314575,
                            229.33770751953125,
                            0.3430147171020508,
                            0.7701953649520874,
                            -0.5377174019813538,
                            -188.35377502441406,
                            -0.8472049236297607,
                            0.006431609392166138,
                            -0.5312273502349854,
                            -186.08041381835938
                        ],
                        "scale": [
                            1,
                            1,
                            1
                        ],
                        "rotation": -0.6799996495246887,
                        "position": [
                            229.33773803710938,
                            -188.353759765625,
                            -186.08038330078125
                        ],
                        "height": 350.283935546875,
                        "weightHard": false,
                        "weightScale": [
                            1,
                            1,
                            1
                        ],
                        "mirrored": false,
                        "twinId": 14,
                        "flooded": false,
                        "pathable": true,
                        "mergeable": true,
                        "no_features": false
                    },
                    {
                        "spec": "/pa/terrain/metal/brushes/metal_structure_02.json",
                        "weight": [
                            1,
                            1,
                            1,
                            1
                        ],
                        "proj": "BP_Bend",
                        "op": "BO_Add",
                        "transform": [
                            -0.4056904911994934,
                            0.6377755999565125,
                            0.6547194719314575,
                            229.33770751953125,
                            0.3430147171020508,
                            0.7701953649520874,
                            -0.5377174019813538,
                            -188.35379028320312,
                            0.8472049236297607,
                            -0.006431609392166138,
                            0.5312273502349854,
                            186.0803985595703
                        ],
                        "scale": [
                            1,
                            1,
                            1
                        ],
                        "rotation": -0.6799996495246887,
                        "position": [
                            229.33773803710938,
                            -188.353759765625,
                            -186.08038330078125
                        ],
                        "height": 350.283935546875,
                        "weightHard": false,
                        "weightScale": [
                            1,
                            1,
                            1
                        ],
                        "mirrored": true,
                        "twinId": 14,
                        "flooded": false,
                        "pathable": true,
                        "mergeable": true,
                        "no_features": false
                    },
                    {
                        "spec": "/pa/terrain/metal/brushes/metal_structure_02.json",
                        "weight": [
                            1,
                            1,
                            1,
                            1
                        ],
                        "proj": "BP_Bend",
                        "op": "BO_Add",
                        "transform": [
                            0.02054154872894287,
                            0.9553411602973938,
                            0.29479023814201355,
                            102.94335174560547,
                            0.006549447774887085,
                            0.29471758008003235,
                            -0.9555619359016418,
                            -333.690673828125,
                            -0.999767541885376,
                            0.021559476852416992,
                            -0.00020301342010498047,
                            -0.07089407742023468
                        ],
                        "scale": [
                            1,
                            1,
                            1
                        ],
                        "rotation": -1.2499991655349731,
                        "position": [
                            102.943359375,
                            -333.690673828125,
                            -0.07091140747070312
                        ],
                        "height": 349.2088317871094,
                        "weightHard": false,
                        "weightScale": [
                            1,
                            1,
                            1
                        ],
                        "mirrored": false,
                        "twinId": 15,
                        "flooded": false,
                        "pathable": true,
                        "mergeable": true,
                        "no_features": false
                    },
                    {
                        "spec": "/pa/terrain/metal/brushes/metal_structure_02.json",
                        "weight": [
                            1,
                            1,
                            1,
                            1
                        ],
                        "proj": "BP_Bend",
                        "op": "BO_Add",
                        "transform": [
                            0.02054154872894287,
                            0.9553411602973938,
                            0.29479023814201355,
                            102.94335174560547,
                            0.006549447774887085,
                            0.29471758008003235,
                            -0.9555619359016418,
                            -333.690673828125,
                            0.999767541885376,
                            -0.021559476852416992,
                            0.00020301342010498047,
                            0.07089407742023468
                        ],
                        "scale": [
                            1,
                            1,
                            1
                        ],
                        "rotation": -1.2499991655349731,
                        "position": [
                            102.943359375,
                            -333.690673828125,
                            -0.07091140747070312
                        ],
                        "height": 349.2088317871094,
                        "weightHard": false,
                        "weightScale": [
                            1,
                            1,
                            1
                        ],
                        "mirrored": true,
                        "twinId": 15,
                        "flooded": false,
                        "pathable": true,
                        "mergeable": true,
                        "no_features": false
                    },
                    {
                        "spec": "/pa/terrain/metal/brushes/metal_structure_02.json",
                        "weight": [
                            1,
                            1,
                            1,
                            1
                        ],
                        "proj": "BP_Bend",
                        "op": "BO_Add",
                        "transform": [
                            -0.36051198840141296,
                            0.7518780827522278,
                            0.5520059466362,
                            193.0233154296875,
                            0.2598441243171692,
                            0.6493300199508667,
                            -0.7147388458251953,
                            -249.9271240234375,
                            -0.895830512046814,
                            -0.11423641443252563,
                            -0.4294623136520386,
                            -150.1727294921875
                        ],
                        "scale": [
                            1,
                            1,
                            1
                        ],
                        "rotation": -1.0399993658065796,
                        "position": [
                            193.0233154296875,
                            -249.9271240234375,
                            -150.17274475097656
                        ],
                        "height": 349.6761474609375,
                        "weightHard": false,
                        "weightScale": [
                            1,
                            1,
                            1
                        ],
                        "mirrored": false,
                        "twinId": 16,
                        "flooded": false,
                        "pathable": true,
                        "mergeable": true,
                        "no_features": false
                    },
                    {
                        "spec": "/pa/terrain/metal/brushes/metal_structure_02.json",
                        "weight": [
                            1,
                            1,
                            1,
                            1
                        ],
                        "proj": "BP_Bend",
                        "op": "BO_Add",
                        "transform": [
                            -0.36051198840141296,
                            0.7518780827522278,
                            0.5520059466362,
                            193.0233154296875,
                            0.2598441243171692,
                            0.6493300199508667,
                            -0.7147388458251953,
                            -249.9271240234375,
                            0.895830512046814,
                            0.11423641443252563,
                            0.4294623136520386,
                            150.1727294921875
                        ],
                        "scale": [
                            1,
                            1,
                            1
                        ],
                        "rotation": -1.0399993658065796,
                        "position": [
                            193.0233154296875,
                            -249.9271240234375,
                            -150.17274475097656
                        ],
                        "height": 349.6761474609375,
                        "weightHard": false,
                        "weightScale": [
                            1,
                            1,
                            1
                        ],
                        "mirrored": true,
                        "twinId": 16,
                        "flooded": false,
                        "pathable": true,
                        "mergeable": true,
                        "no_features": false
                    },
                    {
                        "spec": "/pa/terrain/metal/brushes/metal_structure_02.json",
                        "weight": [
                            1,
                            1,
                            1,
                            1
                        ],
                        "proj": "BP_Bend",
                        "op": "BO_Add",
                        "transform": [
                            -0.30893421173095703,
                            0.8038533926010132,
                            0.5083103775978088,
                            177.69989013671875,
                            0.17842385172843933,
                            0.5739494562149048,
                            -0.799216628074646,
                            -279.3976135253906,
                            -0.9341974258422852,
                            -0.15621066093444824,
                            -0.32073915004730225,
                            -112.12699127197266
                        ],
                        "scale": [
                            1,
                            1,
                            1
                        ],
                        "rotation": -1.1699992418289185,
                        "position": [
                            177.69989013671875,
                            -279.3976135253906,
                            -112.12692260742188
                        ],
                        "height": 349.58935546875,
                        "weightHard": false,
                        "weightScale": [
                            1,
                            1,
                            1
                        ],
                        "mirrored": false,
                        "twinId": 17,
                        "flooded": false,
                        "pathable": true,
                        "mergeable": true,
                        "no_features": false
                    },
                    {
                        "spec": "/pa/terrain/metal/brushes/metal_structure_02.json",
                        "weight": [
                            1,
                            1,
                            1,
                            1
                        ],
                        "proj": "BP_Bend",
                        "op": "BO_Add",
                        "transform": [
                            -0.30893421173095703,
                            0.8038533926010132,
                            0.5083103775978088,
                            177.69989013671875,
                            0.17842385172843933,
                            0.5739494562149048,
                            -0.799216628074646,
                            -279.39764404296875,
                            0.9341974258422852,
                            0.15621066093444824,
                            0.32073915004730225,
                            112.12699127197266
                        ],
                        "scale": [
                            1,
