{
    
    "name": "AmazonasSafari",
	"creator": "AndreasG",
	"version": "1.0",
	"date": "2015/10/18",
	"description": "A compact 1v1 that has all the elements. Balance the rading, pushing, controlling and eco on a next level to take it home. If you expand greedy you may end up as dinner. With ponds around the map naval is an interesting choice",
    "planets": [
        {
            "name": "Tuck",
            "mass": 10000,
            "position_x": 68400,
            "position_y": 6700,
            "velocity_x": -8.315062522888184,
            "velocity_y": 84.88806915283203,
            "required_thrust_to_move": 0,
            "starting_planet": true,
            "respawn": false,
            "start_destroyed": false,
            "min_spawn_delay": 0,
            "max_spawn_delay": 0,
            "planet": {
                "seed": 131844248,
                "radius": 500,
                "heightRange": 35,
                "waterHeight": 50,
                "waterDepth": 100,
                "temperature": 57,
                "metalDensity": 0,
                "metalClusters": 0,
                "metalSpotLimit": -1,
                "biomeScale": 75.00000006869588,
                "biome": "earth",
                "symmetryType": "terrain and CSG",
                "symmetricalMetal": true,
                "symmetricalStarts": true,
                "numArmies": 2,
                "landingZonesPerArmy": 0,
                "landingZoneSize": 50
            },
            "source": {
                "brushes": [
                    {
                        "spec": "/pa/terrain/jungle/brushes/jungle_metal_t2_medium_3_ramp.json",
                        "weight": [
                            1,
                            1,
                            1,
                            1
                        ],
                        "proj": "BP_Arch",
                        "op": "BO_Add",
                        "transform": [
                            -0.9983407855033875,
                            0.016166429966688156,
                            -0.05526629462838173,
                            -27.126371383666992,
                            0.013185955584049225,
                            -0.8700925707817078,
                            -0.49271202087402344,
                            -241.83798217773438,
                            -0.056052181869745255,
                            -0.4926232397556305,
                            0.8684356808662415,
                            426.2545471191406
                        ],
                        "scale": [
                            1,
                            1,
                            1
                        ],
                        "rotation": -3.1399974822998047,
                        "position": [
                            -27.623767852783203,
                            -246.27239990234375,
                            434.0704345703125
                        ],
                        "height": 490.8302917480469,
                        "weightHard": false,
                        "weightScale": [
                            1,
                            1,
                            1
                        ],
                        "mirrored": false,
                        "twinId": 0,
                        "flooded": false,
                        "pathable": true,
                        "mergeable": false,
                        "no_features": true
                    },
                    {
                        "spec": "/pa/terrain/jungle/brushes/jungle_metal_t2_medium_3_ramp.json",
                        "weight": [
                            1,
                            1,
                            1,
                            1
                        ],
                        "proj": "BP_Arch",
                        "op": "BO_Add",
                        "transform": [
                            -0.9983407855033875,
                            0.016166429966688156,
                            -0.05526629462838173,
                            -27.12636947631836,
                            0.013185955584049225,
                            -0.8700925707817078,
                            -0.49271202087402344,
                            -241.8379669189453,
                            0.056052181869745255,
                            0.4926232397556305,
                            -0.8684356808662415,
                            -426.2545471191406
                        ],
                        "scale": [
                            1,
                            1,
                            1
                        ],
                        "rotation": -3.1399974822998047,
                        "position": [
                            -27.623767852783203,
                            -246.27239990234375,
                            434.0704345703125
                        ],
                        "height": 490.8302917480469,
                        "weightHard": false,
                        "weightScale": [
                            1,
                            1,
                            1
                        ],
                        "mirrored": true,
                        "twinId": 0,
                        "flooded": false,
                        "pathable": true,
                        "mergeable": false,
                        "no_features": true
                    },
                    {
                        "spec": "/pa/terrain/jungle/brushes/jungle_metal_t2_small_2_ramp.json",
                        "weight": [
                            1,
                            1,
                            1,
                            1
                        ],
                        "proj": "BP_Arch",
                        "op": "BO_Add",
                        "transform": [
                            0.5174527764320374,
                            -0.28417760133743286,
                            -0.8071465492248535,
                            -403.7942199707031,
                            -0.8383049964904785,
                            -0.3576326370239258,
                            -0.4115137755870819,
                            -205.86953735351562,
                            -0.17171892523765564,
                            0.8895739316940308,
                            -0.42328548431396484,
                            -211.75860595703125
                        ],
                        "scale": [
                            1,
                            1,
                            1
                        ],
                        "rotation": -1.2899991273880005,
                        "position": [
                            -404.60137939453125,
                            -206.28106689453125,
                            -212.18203735351562
                        ],
                        "height": 500.27374267578125,
                        "weightHard": false,
                        "weightScale": [
                            1,
                            1,
                            1
                        ],
                        "mirrored": false,
                        "twinId": 0,
                        "flooded": false,
                        "pathable": true,
                        "mergeable": false,
                        "no_features": true
                    },
                    {
                        "spec": "/pa/terrain/jungle/brushes/jungle_metal_t2_small_2_ramp.json",
                        "weight": [
                            1,
                            1,
                            1,
                            1
                        ],
                        "proj": "BP_Arch",
                        "op": "BO_Add",
                        "transform": [
                            0.5174527764320374,
                            -0.28417760133743286,
                            -0.8071465492248535,
                            -403.79425048828125,
                            -0.8383049964904785,
                            -0.3576326370239258,
                            -0.4115137755870819,
                            -205.86953735351562,
                            0.17171892523765564,
                            -0.8895739316940308,
                            0.42328548431396484,
                            211.75860595703125
                        ],
                        "scale": [
                            1,
                            1,
                            1
                        ],
                        "rotation": -1.2899991273880005,
                        "position": [
                            -404.60137939453125,
                            -206.28106689453125,
                            -212.18203735351562
                        ],
                        "height": 500.27374267578125,
                        "weightHard": false,
                        "weightScale": [
                            1,
                            1,
                            1
                        ],
                        "mirrored": true,
                        "twinId": 0,
                        "flooded": false,
                        "pathable": true,
                        "mergeable": false,
                        "no_features": true
                    },
                    {
                        "spec": "/pa/terrain/jungle/brushes/jungle_metal_t3_medium_2_ramp.json",
                        "weight": [
                            1,
                            1,
                            1,
                            1
                        ],
                        "proj": "BP_Arch",
                        "op": "BO_Add",
                        "transform": [
                            0.6483830213546753,
                            0.000994265079498291,
                            -0.7613137364387512,
                            -378.9301452636719,
                            0.7612955570220947,
                            0.006171822547912598,
                            0.6483757495880127,
                            322.7173156738281,
                            0.005343377590179443,
                            -0.999980628490448,
                            0.003244757652282715,
                            1.6150195598602295
                        ],
                        "scale": [
                            1,
                            1,
                            1
                        ],
                        "rotation": 0.8599994778633118,
                        "position": [
                            -380.4527587890625,
                            324.0140380859375,
                            1.621551513671875
                        ],
                        "height": 497.73193359375,
                        "weightHard": false,
                        "weightScale": [
                            1,
                            1,
                            1
                        ],
                        "mirrored": false,
                        "twinId": 0,
                        "flooded": false,
                        "pathable": true,
                        "mergeable": false,
                        "no_features": true
                    },
                    {
                        "spec": "/pa/terrain/jungle/brushes/jungle_metal_t2_medium_2_ramp.json",
                        "weight": [
                            1,
                            1,
                            1,
                            1
                        ],
                        "proj": "BP_Arch",
                        "op": "BO_Add",
                        "transform": [
                            0.7015969753265381,
                            0.0016272962093353271,
                            0.7125720977783203,
                            351.1675109863281,
                            0.7125669717788696,
                            0.0028300583362579346,
                            -0.7015982866287231,
                            -345.75946044921875,
                            -0.0031583011150360107,
                            0.9999946355819702,
                            0.0008260011672973633,
                            0.40706726908683777
                        ],
                        "scale": [
                            1,
                            1,
                            1
                        ],
                        "rotation": 0.7899995446205139,
                        "position": [
                            356.1555480957031,
                            -350.670654296875,
                            0.41281890869140625
                        ],
                        "height": 497.73193359375,
                        "weightHard": false,
                        "weightScale": [
                            1,
                            1,
                            1
                        ],
                        "mirrored": false,
                        "twinId": 0,
                        "flooded": false,
                        "pathable": true,
                        "mergeable": false,
                        "no_features": true
                    },
                    {
                        "spec": "/pa/terrain/jungle/brushes/jungle_volcano_06.json",
                        "weight": [
                            1,
                            1,
                            1,
                            1
                        ],
                        "proj": "BP_Bend",
                        "op": "BO_Add",
                        "transform": [
                            0.7165392637252808,
                            -0.14411111176013947,
                            0.6824979186058044,
                            350.89361572265625,
                            -0.14411111176013947,
                            0.9267340898513794,
                            0.34698113799095154,
                            178.39390563964844,
                            -0.6824979186058044,
                            -0.34698113799095154,
                            0.6432733535766602,
                            330.7270202636719
                        ],
                        "scale": [
                            1,
                            1,
                            1
                        ],
                        "rotation": 0,
                        "position": [
                            350.8936767578125,
                            178.3939208984375,
                            330.72698974609375
                        ],
                        "height": 514.1314086914062,
                        "weightHard": false,
                        "weightScale": [
                            1,
                            1,
                            1
                        ],
                        "mirrored": false,
                        "twinId": 0,
                        "flooded": false,
                        "pathable": false,
                        "mergeable": false,
                        "no_features": false
                    },
                    {
                        "spec": "/pa/terrain/jungle/brushes/jungle_volcano_06.json",
                        "weight": [
                            1,
                            1,
                            1,
                            1
                        ],
                        "proj": "BP_Bend",
                        "op": "BO_Add",
                        "transform": [
                            0.7165392637252808,
                            -0.14411111176013947,
                            0.6824979186058044,
                            350.8936462402344,
                            -0.14411111176013947,
                            0.9267340898513794,
                            0.34698113799095154,
                            178.39390563964844,
                            0.6824979186058044,
                            0.34698113799095154,
                            -0.6432733535766602,
                            -330.7270202636719
                        ],
                        "scale": [
                            1,
                            1,
                            1
                        ],
                        "rotation": 0,
                        "position": [
                            350.8936767578125,
                            178.3939208984375,
                            330.72698974609375
                        ],
                        "height": 514.1314086914062,
                        "weightHard": false,
                        "weightScale": [
                            1,
                            1,
                            1
                        ],
                        "mirrored": true,
                        "twinId": 0,
                        "flooded": false,
                        "pathable": false,
                        "mergeable": false,
                        "no_features": false
                    },
                    {
                        "spec": "/pa/terrain/jungle/brushes/jungle_plateau_01.json",
                        "weight": [
                            1,
                            1,
                            1,
                            1
                        ],
                        "proj": "BP_Bend",
                        "op": "BO_Add",
                        "transform": [
                            0.884478747844696,
                            -0.038440462201833725,
                            -0.4649942219257355,
                            -234.01368713378906,
                            -0.038440462201833725,
                            0.9872086644172668,
                            -0.1547299325466156,
                            -77.86962127685547,
                            0.4649942219257355,
                            0.1547299325466156,
                            0.8716874122619629,
                            438.68670654296875
                        ],
                        "scale": [
                            1,
                            1,
                            1
                        ],
                        "rotation": 0,
                        "position": [
                            -234.01373291015625,
                            -77.86962890625,
                            438.68670654296875
                        ],
                        "height": 503.2615051269531,
                        "weightHard": false,
                        "weightScale": [
                            1,
                            1,
                            1
                        ],
                        "mirrored": false,
                        "twinId": 0,
                        "flooded": false,
                        "pathable": false,
                        "mergeable": false,
                        "no_features": false
                    },
                    {
                        "spec": "/pa/terrain/jungle/brushes/jungle_plateau_01.json",
                        "weight": [
                            1,
                            1,
                            1,
                            1
                        ],
                        "proj": "BP_Bend",
                        "op": "BO_Add",
                        "transform": [
                            0.884478747844696,
                            -0.038440462201833725,
                            -0.4649942219257355,
                            -234.01368713378906,
                            -0.038440462201833725,
                            0.9872086644172668,
                            -0.1547299325466156,
                            -77.86962127685547,
                            -0.4649942219257355,
                            -0.1547299325466156,
                            -0.8716874122619629,
                            -438.68670654296875
                        ],
                        "scale": [
                            1,
                            1,
                            1
                        ],
                        "rotation": 0,
                        "position": [
                            -234.01373291015625,
                            -77.86962890625,
                            438.68670654296875
                        ],
                        "height": 503.2615051269531,
                        "weightHard": false,
                        "weightScale": [
                            1,
                            1,
                            1
                        ],
                        "mirrored": true,
                        "twinId": 0,
                        "flooded": false,
                        "pathable": false,
                        "mergeable": false,
                        "no_features": false
                    },
                    {
                        "spec": "/pa/terrain/jungle/brushes/jungle_plateau_01.json",
                        "weight": [
                            1,
                            1,
                            1,
                            1
                        ],
                        "proj": "BP_Bend",
                        "op": "BO_Add",
                        "transform": [
                            0.9562484622001648,
                            -0.14763155579566956,
                            -0.25257444381713867,
                            -128.8147735595703,
                            -0.14763155579566956,
                            0.5018446445465088,
                            -0.8522657752037048,
                            -434.66162109375,
                            0.25257444381713867,
                            0.8522657752037048,
                            0.4580930471420288,
                            233.63072204589844
                        ],
                        "scale": [
                            1,
                            1,
                            1
                        ],
                        "rotation": 0,
                        "position": [
                            -128.81475830078125,
                            -434.66162109375,
                            233.6307373046875
                        ],
                        "height": 510.00714111328125,
                        "weightHard": false,
                        "weightScale": [
                            1,
                            1,
                            1
                        ],
                        "mirrored": false,
                        "twinId": 0,
                        "flooded": false,
                        "pathable": false,
                        "mergeable": false,
                        "no_features": false
                    },
                    {
                        "spec": "/pa/terrain/jungle/brushes/jungle_plateau_01.json",
                        "weight": [
                            1,
                            1,
                            1,
                            1
                        ],
                        "proj": "BP_Bend",
                        "op": "BO_Add",
                        "transform": [
                            0.9562484622001648,
                            -0.14763155579566956,
                            -0.25257444381713867,
                            -128.81478881835938,
                            -0.14763155579566956,
                            0.5018446445465088,
                            -0.8522657752037048,
                            -434.66162109375,
                            -0.25257444381713867,
                            -0.8522657752037048,
                            -0.4580930471420288,
                            -233.6307373046875
                        ],
                        "scale": [
                            1,
                            1,
                            1
                        ],
                        "rotation": 0,
                        "position": [
                            -128.81475830078125,
                            -434.66162109375,
                            233.6307373046875
                        ],
                        "height": 510.00714111328125,
                        "weightHard": false,
                        "weightScale": [
                            1,
                            1,
                            1
                        ],
                        "mirrored": true,
                        "twinId": 0,
                        "flooded": false,
                        "pathable": false,
                        "mergeable": false,
                        "no_features": false
                    },
                    {
                        "spec": "/pa/terrain/jungle/brushes/jungle_plateau_01.json",
                        "weight": [
                            1,
                            1,
                            1,
                            1
                        ],
                        "proj": "BP_Bend",
                        "op": "BO_Add",
                        "transform": [
                            0.7619397044181824,
                            -0.1977979987859726,
                            0.6167039275169373,
                            315.82647705078125,
                            -0.1977979987859726,
                            0.8356548547744751,
                            0.5124030113220215,
                            262.4118957519531,
                            -0.6167039275169373,
                            -0.5124030113220215,
                            0.5975946187973022,
                            306.04022216796875
                        ],
                        "scale": [
                            1,
                            1,
                            1
                        ],
                        "rotation": 0,
                        "position": [
                            315.8265380859375,
                            262.41192626953125,
                            306.04022216796875
                        ],
                        "height": 512.1201171875,
                        "weightHard": false,
                        "weightScale": [
                            1,
                            1,
                            1
                        ],
                        "mirrored": false,
                        "twinId": 0,
                        "flooded": false,
                        "pathable": false,
                        "mergeable": false,
                        "no_features": false
                    },
                    {
                        "spec": "/pa/terrain/jungle/brushes/jungle_plateau_01.json",
                        "weight": [
                            1,
                            1,
                            1,
                            1
                        ],
                        "proj": "BP_Bend",
                        "op": "BO_Add",
                        "transform": [
                            0.7619397044181824,
                            -0.1977979987859726,
                            0.6167039275169373,
                            315.82647705078125,
                            -0.1977979987859726,
                            0.8356548547744751,
                            0.5124030113220215,
                            262.4118957519531,
                            0.6167039275169373,
                            0.5124030113220215,
                            -0.5975946187973022,
                            -306.04022216796875
                        ],
                        "scale": [
                            1,
                            1,
                            1
                        ],
                        "rotation": 0,
                        "position": [
                            315.8265380859375,
                            262.41192626953125,
                            306.04022216796875
                        ],
                        "height": 512.1201171875,
                        "weightHard": false,
                        "weightScale": [
                            1,
                            1,
                            1
                        ],
                        "mirrored": true,
                        "twinId": 0,
                        "flooded": false,
                        "pathable": false,
                        "mergeable": false,
                        "no_features": false
                    },
                    {
                        "spec": "/pa/terrain/jungle/brushes/jungle_plateau_01.json",
                        "weight": [
                            1,
                            1,
                            1,
                            1
                        ],
                        "proj": "BP_Bend",
                        "op": "BO_Add",
                        "transform": [
                            0.6571446657180786,
                            -0.4104830026626587,
                            0.6321902871131897,
                            323.55230712890625,
                            -0.4104830026626587,
                            0.5085498094558716,
                            0.7568888068199158,
                            387.3724670410156,
                            -0.6321902871131897,
                            -0.7568888068199158,
                            0.1656944751739502,
                            84.80172729492188
                        ],
                        "scale": [
                            1,
                            1,
                            1
                        ],
                        "rotation": 0,
                        "position": [
                            323.55230712890625,
                            387.37249755859375,
                            84.80171203613281
                        ],
                        "height": 511.7957458496094,
                        "weightHard": false,
                        "weightScale": [
                            1,
                            1,
                            1
                        ],
                        "mirrored": false,
                        "twinId": 0,
                        "flooded": false,
                        "pathable": false,
                        "mergeable": false,
                        "no_features": false
                    },
                    {
                        "spec": "/pa/terrain/jungle/brushes/jungle_plateau_01.json",
                        "weight": [
                            1,
                            1,
                            1,
                            1
                        ],
                        "proj": "BP_Bend",
                        "op": "BO_Add",
                        "transform": [
                            0.6571446657180786,
                            -0.4104830026626587,
                            0.6321902871131897,
                            323.5522766113281,
                            -0.4104830026626587,
                            0.5085498094558716,
                            0.7568888068199158,
                            387.3724365234375,
                            0.6321902871131897,
                            0.7568888068199158,
                            -0.1656944751739502,
                            -84.80171966552734
                        ],
                        "scale": [
                            1,
                            1,
                            1
                        ],
                        "rotation": 0,
                        "position": [
                            323.55230712890625,
                            387.37249755859375,
                            84.80171203613281
                        ],
                        "height": 511.7957458496094,
                        "weightHard": false,
                        "weightScale": [
                            1,
                            1,
                            1
                        ],
                        "mirrored": true,
                        "twinId": 0,
                        "flooded": false,
                        "pathable": false,
                        "mergeable": false,
                        "no_features": false
                    },
                    {
                        "spec": "/pa/terrain/jungle/brushes/jungle_plateau_01.json",
                        "weight": [
                            1,
                            1,
                            1,
                            1
                        ],
                        "proj": "BP_Bend",
                        "op": "BO_Add",
                        "transform": [
                            0.8373112678527832,
                            -0.2461356669664383,
                            0.4881875216960907,
                            248.80914306640625,
                            -0.2461356669664383,
                            0.6276154518127441,
                            0.7385905981063843,
                            376.4293212890625,
                            -0.4881875216960907,
                            -0.7385905981063843,
                            0.4649267792701721,
                            236.9541015625
                        ],
                        "scale": [
                            1,
                            1,
                            1
                        ],
                        "rotation": 0,
                        "position": [
                            248.80914306640625,
                            376.4293212890625,
                            236.9541015625
                        ],
                        "height": 509.6589660644531,
                        "weightHard": false,
                        "weightScale": [
                            1,
                            1,
                            1
                        ],
                        "mirrored": false,
                        "twinId": 0,
                        "flooded": false,
                        "pathable": false,
                        "mergeable": false,
                        "no_features": false
                    },
                    {
                        "spec": "/pa/terrain/jungle/brushes/jungle_plateau_01.json",
                        "weight": [
                            1,
                            1,
                            1,
                            1
                        ],
                        "proj": "BP_Bend",
                        "op": "BO_Add",
                        "transform": [
                            0.8373112678527832,
                            -0.2461356669664383,
                            0.4881875216960907,
                            248.80914306640625,
                            -0.2461356669664383,
                            0.6276154518127441,
                            0.7385905981063843,
                            376.4293212890625,
                            0.4881875216960907,
                            0.7385905981063843,
                            -0.4649267792701721,
                            -236.95411682128906
                        ],
                        "scale": [
                            1,
                            1,
                            1
                        ],
                        "rotation": 0,
                        "position": [
                            248.80914306640625,
                            376.4293212890625,
                            236.9541015625
                        ],
                        "height": 509.6589660644531,
                        "weightHard": false,
                        "weightScale": [
                            1,
                            1,
                            1
                        ],
                        "mirrored": true,
                        "twinId": 0,
                        "flooded": false,
                        "pathable": false,
                        "mergeable": false,
                        "no_features": false
                    },
                    {
                        "spec": "/pa/terrain/jungle/brushes/jungle_metal_t1_pit_2_ramp.json",
                        "weight": [
                            1,
                            1,
                            1,
                            1
                        ],
                        "proj": "BP_Arch",
                        "op": "BO_Subtract",
                        "transform": [
                            -0.002211630344390869,
                            -1.048305630683899,
                            0.4218415915966034,
                            186.53785705566406,
                            -0.00011177361011505127,
                            0.42184266448020935,
                            1.0483072996139526,
                            463.56024169921875,
                            -1.1299976110458374,
                            0.0020100176334381104,
                            -0.0009293400216847658,
                            -0.4109530448913574
                        ],
                        "scale": [
                            1.1299998760223389,
                            1.1299998760223389,
                            1.1299998760223389
                        ],
                        "rotation": 1.1899992227554321,
                        "position": [
                            186.53787231445312,
                            463.560302734375,
                            -0.4109649658203125
                        ],
                        "height": 499.6846008300781,
                        "weightHard": false,
                        "weightScale": [
                            1,
                            1,
                            1
                        ],
                        "mirrored": false,
                        "twinId": 0,
                        "flooded": true,
                        "pathable": true,
                        "mergeable": false,
                        "no_features": true
                    },
                    {
                        "spec": "/pa/terrain/mountain/brushes/mountain_mountain_04.json",
                        "weight": [
                            1,
                            1,
                            1,
                            1
                        ],
                        "proj": "BP_Bend",
                        "op": "BO_Add",
                        "transform": [
                            0.9764708876609802,
                            0.01020433846861124,
                            -0.21540763974189758,
                            -107.6543960571289,
                            0.01020433846861124,
                            0.9955744743347168,
                            0.09342017769813538,
                            46.688655853271484,
                            0.21540763974189758,
                            -0.09342017769813538,
                            0.972045361995697,
