{
    "name": "Aquarius",
    "creator": "superouman",
    "version": "1.0",
    "date": "2015/02/08",
    "description": "I stumbled upon this seed with a nice ‘C’ shaped body of water. So I build a map around it with a nice focus on the water while keeping the rest of the map interesting. From this map, my starting location will tend to be very wide with a lot of metal.",
    "planets": [
        {
            "name": "Aquarius",
            "mass": 20000,
            "position_x": 78900,
            "position_y": 2300,
            "velocity_x": -2.3191096782684326,
            "velocity_y": 79.55542755126953,
            "required_thrust_to_move": 0,
            "starting_planet": true,
            "respawn": false,
            "start_destroyed": false,
            "min_spawn_delay": 0,
            "max_spawn_delay": 0,
            "planet": {
                "seed": 1265973504,
                "radius": 600,
                "heightRange": 20,
                "waterHeight": 33,
                "waterDepth": 100,
                "temperature": 49,
                "metalDensity": 0,
                "metalClusters": 0,
                "metalSpotLimit": -1,
                "biomeScale": 50,
                "biome": "earth",
                "symmetryType": "terrain and CSG",
                "symmetricalMetal": true,
                "symmetricalStarts": true,
                "numArmies": 2,
                "landingZonesPerArmy": 1,
                "landingZoneSize": 0
            },
            "source": {
                "brushes": [
                    {
                        "weight": [
                            1,
                            1,
                            1,
                            1
                        ],
                        "spec": "/pa/terrain/ice/brushes/ice_cliff_02.json",
                        "proj": "BP_Bend",
                        "transform": [
                            0.962745189666748,
                            0.011171214282512665,
                            0.2701794505119324,
                            161.8775634765625,
                            -0.05553867295384407,
                            0.9860142469406128,
                            0.15713487565517426,
                            94.1470947265625,
                            0.26464539766311646,
                            0.16628625988960266,
                            -0.9499008655548096,
                            -569.1315307617188
                        ],
                        "op": "BO_Add",
                        "rotation": 6.248966693878174,
                        "scale": [
                            1,
                            1,
                            1
                        ],
                        "height": 599.1483154296875,
                        "position": [
                            161.8775634765625,
                            94.1470718383789,
                            569.1315307617188
                        ],
                        "weightHard": false,
                        "weightScale": [
                            1,
                            1,
                            1
                        ],
                        "mirrored": true,
                        "twinId": 0,
                        "flooded": false,
                        "pathable": false,
                        "mergeable": false,
                        "no_features": false
                    },
                    {
                        "weight": [
                            1,
                            1,
                            1,
                            1
                        ],
                        "spec": "/pa/terrain/desert/brushes/desert_metal_t2_medium_2_ramp.json",
                        "proj": "BP_Bend",
                        "transform": [
                            0.8252049684524536,
                            -0.0023036301136016846,
                            1.4288208484649658,
                            513.4365234375,
                            -1.4288146495819092,
                            -0.006928920745849609,
                            0.8251900672912598,
                            296.526123046875,
                            0.004848062992095947,
                            -1.6499831676483154,
                            -0.005460260435938835,
                            -1.9621052742004395
                        ],
                        "op": "BO_Add",
                        "rotation": -1.0499993562698364,
                        "scale": [
                            1.6499993801116943,
                            1.6499993801116943,
                            1.6499993801116943
                        ],
                        "height": 592.9154052734375,
                        "position": [
                            517.7662963867188,
                            299.0267028808594,
                            -1.9787349700927734
                        ],
                        "weightHard": false,
                        "weightScale": [
                            1,
                            1,
                            1
                        ],
                        "mirrored": false,
                        "twinId": 0,
                        "flooded": false,
                        "pathable": true,
                        "mergeable": false,
                        "no_features": true
                    },
                    {
                        "weight": [
                            1,
                            1,
                            1,
                            1
                        ],
                        "spec": "/pa/terrain/metal/brushes/metal_t2_large_4_ramp.json",
                        "proj": "BP_Bend",
                        "transform": [
                            0.8356186151504517,
                            -0.3903101086616516,
                            -0.3865222930908203,
                            -229.56890869140625,
                            0.42842015624046326,
                            0.9034731984138489,
                            0.013870307244360447,
                            8.238053321838379,
                            0.34379878640174866,
                            -0.17718422412872314,
                            0.9221757650375366,
                            547.7119750976562
                        ],
                        "op": "BO_Add",
                        "rotation": 0.43999984860420227,
                        "scale": [
                            1,
                            1,
                            1
                        ],
                        "height": 593.9344482421875,
                        "position": [
                            -231.50146484375,
                            8.307403564453125,
                            552.3228149414062
                        ],
                        "weightHard": false,
                        "weightScale": [
                            1,
                            1,
                            1
                        ],
                        "mirrored": false,
                        "twinId": 0,
                        "flooded": false,
                        "pathable": true,
                        "mergeable": false,
                        "no_features": true
                    },
                    {
                        "weight": [
                            1,
                            1,
                            1,
                            1
                        ],
                        "spec": "/pa/terrain/metal/brushes/metal_t2_large_4_ramp.json",
                        "proj": "BP_Bend",
                        "transform": [
                            0.8356186151504517,
                            -0.3903101086616516,
                            -0.3865222930908203,
                            -229.56890869140625,
                            0.42842015624046326,
                            0.9034731984138489,
                            0.013870307244360447,
                            8.238053321838379,
                            -0.34379878640174866,
                            0.17718422412872314,
                            -0.9221757650375366,
                            -547.7119750976562
                        ],
                        "op": "BO_Add",
                        "rotation": 0.43999984860420227,
                        "scale": [
                            1,
                            1,
                            1
                        ],
                        "height": 593.9344482421875,
                        "position": [
                            -231.50146484375,
                            8.307403564453125,
                            552.3228149414062
                        ],
                        "weightHard": false,
                        "weightScale": [
                            1,
                            1,
                            1
                        ],
                        "mirrored": true,
                        "twinId": 0,
                        "flooded": false,
                        "pathable": true,
                        "mergeable": false,
                        "no_features": true
                    },
                    {
                        "weight": [
                            1,
                            1,
                            1,
                            1
                        ],
                        "spec": "/pa/terrain/metal/brushes/metal_t1_large_8_ramp.json",
                        "proj": "BP_Bend",
                        "transform": [
                            0.24424833059310913,
                            -0.24306891858577728,
                            -0.9493999481201172,
                            -564.1903076171875,
                            -0.6732133626937866,
                            0.6694356203079224,
                            -0.3445863127708435,
                            -204.77383422851562,
                            0.7121983766555786,
                            0.7161518335342407,
                            -0.00012738465738948435,
                            -0.07569959759712219
                        ],
                        "op": "BO_Add",
                        "rotation": -0.43999984860420227,
                        "scale": [
                            1.0099999904632568,
                            1.0099999904632568,
                            1.0099999904632568
                        ],
                        "height": 600.2025146484375,
                        "position": [
                            -564.1903076171875,
                            -204.77383422851562,
                            -0.07572174072265625
                        ],
                        "weightHard": false,
                        "weightScale": [
                            1,
                            1,
                            1
                        ],
                        "mirrored": false,
                        "twinId": 0,
                        "flooded": false,
                        "pathable": true,
                        "mergeable": false,
                        "no_features": true
                    },
                    {
                        "weight": [
                            1,
                            1,
                            1,
                            1
                        ],
                        "spec": "/pa/terrain/metal/brushes/metal_t2_medium_4_ramp.json",
                        "proj": "BP_Bend",
                        "transform": [
                            0.8587511777877808,
                            -0.438029408454895,
                            0.26585066318511963,
                            159.6690673828125,
                            0.49355965852737427,
                            0.8465120792388916,
                            -0.19953972101211548,
                            -119.84293365478516,
                            -0.1376415342092514,
                            0.30256813764572144,
                            0.9431369304656982,
                            566.445068359375
                        ],
                        "op": "BO_Add",
                        "rotation": 0.4999997913837433,
                        "scale": [
                            1,
                            1,
                            1
                        ],
                        "height": 600.5968627929688,
                        "position": [
                            159.66908264160156,
                            -119.84294128417969,
                            566.445068359375
                        ],
                        "weightHard": false,
                        "weightScale": [
                            1,
                            1,
                            1
                        ],
                        "mirrored": false,
                        "twinId": 0,
                        "flooded": false,
                        "pathable": true,
                        "mergeable": false,
                        "no_features": true
                    },
                    {
                        "weight": [
                            1,
                            1,
                            1,
                            1
                        ],
                        "spec": "/pa/terrain/metal/brushes/metal_t2_medium_4_ramp.json",
                        "proj": "BP_Bend",
                        "transform": [
                            0.8587511777877808,
                            -0.438029408454895,
                            0.26585066318511963,
                            159.66908264160156,
                            0.49355965852737427,
                            0.8465120792388916,
                            -0.19953972101211548,
                            -119.84293365478516,
                            0.1376415342092514,
                            -0.30256813764572144,
                            -0.9431369304656982,
                            -566.445068359375
                        ],
                        "op": "BO_Add",
                        "rotation": 0.4999997913837433,
                        "scale": [
                            1,
                            1,
                            1
                        ],
                        "height": 600.5968627929688,
                        "position": [
                            159.66908264160156,
                            -119.84294128417969,
                            566.445068359375
                        ],
                        "weightHard": false,
                        "weightScale": [
                            1,
                            1,
                            1
                        ],
                        "mirrored": true,
                        "twinId": 0,
                        "flooded": false,
                        "pathable": true,
                        "mergeable": false,
                        "no_features": true
                    },
                    {
                        "weight": [
                            1,
                            1,
                            1,
                            1
                        ],
                        "spec": "/pa/terrain/metal/brushes/metal_t2_medium_4_ramp.json",
                        "proj": "BP_Bend",
                        "transform": [
                            0.6977254152297974,
                            -0.2993864119052887,
                            0.6508047580718994,
                            390.1036376953125,
                            0.5908209085464478,
                            0.7542403340339661,
                            -0.28644758462905884,
                            -171.70162963867188,
                            -0.4051046669483185,
                            0.5843708515167236,
                            0.7031364440917969,
                            421.4721374511719
                        ],
                        "op": "BO_Add",
                        "rotation": 0.5499997735023499,
                        "scale": [
                            1,
                            1,
                            1
                        ],
                        "height": 599.4172973632812,
                        "position": [
                            390.1036682128906,
                            -171.70162963867188,
                            421.4721984863281
                        ],
                        "weightHard": false,
                        "weightScale": [
                            1,
                            1,
                            1
                        ],
                        "mirrored": false,
                        "twinId": 0,
                        "flooded": false,
                        "pathable": true,
                        "mergeable": false,
                        "no_features": true
                    },
                    {
                        "weight": [
                            1,
                            1,
                            1,
                            1
                        ],
                        "spec": "/pa/terrain/metal/brushes/metal_t2_medium_4_ramp.json",
                        "proj": "BP_Bend",
                        "transform": [
                            0.6977254152297974,
                            -0.2993864119052887,
                            0.6508047580718994,
                            390.1036376953125,
                            0.5908209085464478,
                            0.7542403340339661,
                            -0.28644758462905884,
                            -171.70162963867188,
                            0.4051046669483185,
                            -0.5843708515167236,
                            -0.7031364440917969,
                            -421.4721374511719
                        ],
                        "op": "BO_Add",
                        "rotation": 0.5499997735023499,
                        "scale": [
                            1,
                            1,
                            1
                        ],
                        "height": 599.4172973632812,
                        "position": [
                            390.1036682128906,
                            -171.70162963867188,
                            421.4721984863281
                        ],
                        "weightHard": false,
                        "weightScale": [
                            1,
                            1,
                            1
                        ],
                        "mirrored": true,
                        "twinId": 0,
                        "flooded": false,
                        "pathable": true,
                        "mergeable": false,
                        "no_features": true
                    },
                    {
                        "weight": [
                            1,
                            1,
                            1,
                            1
                        ],
                        "spec": "/pa/terrain/metal/brushes/metal_t2_medium_4_ramp.json",
                        "proj": "BP_Bend",
                        "transform": [
                            0.4393826723098755,
                            -0.037958115339279175,
                            0.8974976539611816,
                            537.1796264648438,
                            0.6837278604507446,
                            0.6621453762054443,
                            -0.30672433972358704,
                            -183.58384704589844,
                            -0.5826312303543091,
                            0.7484134435653687,
                            0.3168882131576538,
                            189.66722106933594
                        ],
                        "op": "BO_Add",
                        "rotation": 0.5799997448921204,
                        "scale": [
                            1,
                            1,
                            1
                        ],
                        "height": 598.5303955078125,
                        "position": [
                            537.1796264648438,
                            -183.5838623046875,
                            189.66720581054688
                        ],
                        "weightHard": false,
                        "weightScale": [
                            1,
                            1,
                            1
                        ],
                        "mirrored": false,
                        "twinId": 0,
                        "flooded": false,
                        "pathable": true,
                        "mergeable": false,
                        "no_features": true
                    },
                    {
                        "weight": [
                            1,
                            1,
                            1,
                            1
                        ],
                        "spec": "/pa/terrain/metal/brushes/metal_t2_medium_4_ramp.json",
                        "proj": "BP_Bend",
                        "transform": [
                            0.4393826723098755,
                            -0.037958115339279175,
                            0.8974976539611816,
                            537.1796264648438,
                            0.6837278604507446,
                            0.6621453762054443,
                            -0.30672433972358704,
                            -183.58384704589844,
                            0.5826312303543091,
                            -0.7484134435653687,
                            -0.3168882131576538,
                            -189.66722106933594
                        ],
                        "op": "BO_Add",
                        "rotation": 0.5799997448921204,
                        "scale": [
                            1,
                            1,
                            1
                        ],
                        "height": 598.5303955078125,
                        "position": [
                            537.1796264648438,
                            -183.5838623046875,
                            189.66720581054688
                        ],
                        "weightHard": false,
                        "weightScale": [
                            1,
                            1,
                            1
                        ],
                        "mirrored": true,
                        "twinId": 0,
                        "flooded": false,
                        "pathable": true,
                        "mergeable": false,
                        "no_features": true
                    },
                    {
                        "weight": [
                            1,
                            1,
                            1,
                            1
                        ],
                        "spec": "/pa/terrain/desert/brushes/desert_t3_small_2x_1_ramp.json",
                        "proj": "BP_Bend",
                        "transform": [
                            1.1697309017181396,
                            -0.3443228006362915,
                            -0.355064332485199,
                            -161.3870086669922,
                            0.4579699635505676,
                            0.4096921682357788,
                            1.1114474534988403,
                            505.1850280761719,
                            -0.18679502606391907,
                            -1.1517350673675537,
                            0.5015112161636353,
                            227.95135498046875
                        ],
                        "op": "BO_Add",
                        "rotation": 0.4699998199939728,
                        "scale": [
                            1.2699997425079346,
                            1.2699997425079346,
                            1.2699997425079346
                        ],
                        "height": 577.2516479492188,
                        "position": [
                            -166.97857666015625,
                            522.6881103515625,
                            235.84918212890625
                        ],
                        "weightHard": false,
                        "weightScale": [
                            1,
                            1,
                            1
                        ],
                        "mirrored": false,
                        "twinId": 0,
                        "flooded": false,
                        "pathable": true,
                        "mergeable": false,
                        "no_features": false
                    },
                    {
                        "weight": [
                            1,
                            1,
                            1,
                            1
                        ],
                        "spec": "/pa/terrain/desert/brushes/desert_t3_small_2x_1_ramp.json",
                        "proj": "BP_Bend",
                        "transform": [
                            1.1697309017181396,
                            -0.3443228006362915,
                            -0.355064332485199,
                            -161.3870086669922,
                            0.4579699635505676,
                            0.4096921682357788,
                            1.1114474534988403,
                            505.1850280761719,
                            0.18679502606391907,
                            1.1517350673675537,
                            -0.5015112161636353,
                            -227.95135498046875
                        ],
                        "op": "BO_Add",
                        "rotation": 0.4699998199939728,
                        "scale": [
                            1.2699997425079346,
                            1.2699997425079346,
                            1.2699997425079346
                        ],
                        "height": 577.2516479492188,
                        "position": [
                            -166.97857666015625,
                            522.6881103515625,
                            235.84918212890625
                        ],
                        "weightHard": false,
                        "weightScale": [
                            1,
                            1,
                            1
                        ],
                        "mirrored": true,
                        "twinId": 0,
                        "flooded": false,
                        "pathable": true,
                        "mergeable": false,
                        "no_features": false
                    },
                    {
                        "weight": [
                            1,
                            1,
                            1,
                            1
                        ],
                        "spec": "/pa/terrain/desert/brushes/desert_t1_large_8_ramp.json",
                        "proj": "BP_Bend",
                        "transform": [
                            0.9968329071998596,
                            -0.039356548339128494,
                            -0.06910332292318344,
                            -41.44858169555664,
                            -0.039356548339128494,
                            0.5109314918518066,
                            -0.858720064163208,
                            -515.0653686523438,
                            0.06910332292318344,
                            0.858720064163208,
                            0.5077643990516663,
                            304.5600891113281
                        ],
                        "op": "BO_Add",
                        "rotation": 0,
                        "scale": [
                            1,
                            1,
                            1
                        ],
                        "height": 599.805908203125,
                        "position": [
                            -41.448577880859375,
                            -515.0653076171875,
                            304.56011962890625
                        ],
                        "weightHard": false,
                        "weightScale": [
                            1,
                            1,
                            1
                        ],
                        "mirrored": false,
                        "twinId": 0,
                        "flooded": false,
                        "pathable": true,
                        "mergeable": false,
                        "no_features": false
                    },
                    {
                        "weight": [
                            1,
                            1,
                            1,
                            1
                        ],
                        "spec": "/pa/terrain/desert/brushes/desert_t1_large_8_ramp.json",
                        "proj": "BP_Bend",
                        "transform": [
                            0.9968329071998596,
                            -0.039356548339128494,
                            -0.06910332292318344,
                            -41.44858169555664,
                            -0.039356548339128494,
                            0.5109314918518066,
                            -0.858720064163208,
                            -515.0653686523438,
                            -0.06910332292318344,
                            -0.858720064163208,
                            -0.5077643990516663,
                            -304.5600891113281
                        ],
                        "op": "BO_Add",
                        "rotation": 0,
                        "scale": [
                            1,
                            1,
                            1
                        ],
                        "height": 599.805908203125,
                        "position": [
                            -41.448577880859375,
                            -515.0653076171875,
                            304.56011962890625
                        ],
                        "weightHard": false,
                        "weightScale": [
                            1,
                            1,
                            1
                        ],
                        "mirrored": true,
                        "twinId": 0,
                        "flooded": false,
                        "pathable": true,
                        "mergeable": false,
                        "no_features": false
                    },
                    {
                        "weight": [
                            1,
                            1,
                            1,
                            1
                        ],
                        "spec": "/pa/terrain/mountain/brushes/mountain_mountain_05.json",
                        "proj": "BP_Bend",
                        "transform": [
                            0.885351836681366,
                            0.07559558749198914,
                            0.45873457193374634,
                            274.0686340332031,
                            0.07559558749198914,
                            0.9501545429229736,
                            -0.3024759590625763,
                            -180.71270751953125,
                            -0.45873457193374634,
                            0.3024759590625763,
                            0.8355063796043396,
                            499.16900634765625
                        ],
                        "op": "BO_Add",
                        "rotation": 0,
                        "scale": [
                            1,
                            1,
                            1
                        ],
                        "height": 597.4448852539062,
                        "position": [
                            274.9861145019531,
                            -181.3176727294922,
                            500.84002685546875
                        ],
                        "weightHard": false,
                        "weightScale": [
                            1,
                            1,
                            1
                        ],
                        "mirrored": false,
                        "twinId": 0,
                        "flooded": false,
                        "pathable": false,
                        "mergeable": false,
                        "no_features": true
                    },
                    {
                        "weight": [
                            1,
                            1,
                            1,
                            1
                        ],
                        "spec": "/pa/terrain/mountain/brushes/mountain_mountain_05.json",
                        "proj": "BP_Bend",
                        "transform": [
                            0.885351836681366,
                            0.07559558749198914,
                            0.45873457193374634,
                            274.0686340332031,
                            0.07559558749198914,
                            0.9501545429229736,
                            -0.3024759590625763,
                            -180.71270751953125,
                            0.45873457193374634,
                            -0.3024759590625763,
                            -0.8355063796043396,
                            -499.16900634765625
                        ],
                        "op": "BO_Add",
                        "rotation": 0,
                        "scale": [
                            1,
                            1,
                            1
                        ],
                        "height": 597.4448852539062,
                        "position": [
                            274.9861145019531,
                            -181.3176727294922,
                            500.84002685546875
                        ],
                        "weightHard": false,
                        "weightScale": [
                            1,
                            1,
                            1
                        ],
                        "mirrored": true,
                        "twinId": 0,
                        "flooded": false,
                        "pathable": false,
                        "mergeable": false,
                        "no_features": true
                    },
                    {
                        "weight": [
                            1,
                            1,
                            1,
                            1
                        ],
                        "spec": "/pa/terrain/mountain/brushes/mountain_mountain_02.json",
                        "proj": "BP_Bend",
                        "transform": [
                            0.8559061288833618,
                            0.053904928267002106,
                            0.5143139958381653,
                            308.0688781738281,
                            0.053904928267002106,
                            0.9798343777656555,
                            -0.19240280985832214,
                            -115.2473373413086,
                            -0.5143139958381653,
                            0.19240280985832214,
                            0.8357405662536621,
                            500.6001281738281
                        ],
                        "op": "BO_Add",
                        "rotation": 0,
                        "scale": [
                            1,
                            1,
                            1
                        ],
                        "height": 598.9898681640625,
                        "position": [
                            308.0688781738281,
                            -115.24732971191406,
                            500.6001281738281
                        ],
                        "weightHard": false,
                        "weightScale": [
                            1,
                            1,
                            1
                        ],
                        "mirrored": false,
                        "twinId": 0,
                        "flooded": false,
                        "pathable": false,
                        "mergeable": false,
                        "no_features": true
                    },
                    {
                        "weight": [
                            1,
                            1,
                            1,
                            1
                        ],
                        "spec": "/pa/terrain/mountain/brushes/mountain_mountain_02.json",
                        "proj": "BP_Bend",
                        "transform": [
                            0.8559061288833618,
                            0.053904928267002106,
                            0.5143139958381653,
                            308.0688781738281,
                            0.053904928267002106,
                            0.9798343777656555,
                            -0.19240280985832214,
                            -115.2473373413086,
                            0.5143139958381653,
                            -0.19240280985832214,
                            -0.8357405662536621,
                            -500.6001281738281
                        ],
                        "op": "BO_Add",
                        "rotation": 0,
                        "scale": [
                            1,
                            1,
                            1
                        ],
                        "height": 598.9898681640625,
                        "position": [
                            308.0688781738281,
                            -115.24732971191406,
                            500.6001281738281
                        ],
                        "weightHard": false,
                        "weightScale": [
                            1,
                            1,
                            1
                        ],
                        "mirrored": true,
                        "twinId": 0,
                        "flooded": false,
                        "pathable": false,
                        "mergeable": false,
                        "no_features": true
                    },
                    {
                        "weight": [
                            1,
                            1,
                            1,
                            1
                        ],
                        "spec": "/pa/terrain/mountain/brushes/mountain_mountain_01.json",
                        "proj": "BP_Bend",
                        "transform": [
                            0.8780474662780762,
                            0.047327544540166855,
                            0.47622764110565186,
                            284.8382263183594,
                            0.047327544540166855,
                            0.9816330671310425,
                            -0.1848152130842209,
