{
    "name": "Berg",
    "creator": "Uber Entertainment",
    "players": [
        2,
        3
    ],
    "planets": [
        {
            "name": "Odin",
            "mass": 10000,
            "position_x": 21800,
            "position_y": -21300,
            "velocity_x": 89.51119232177734,
            "velocity_y": 91.61238861083984,
            "required_thrust_to_move": 0,
            "starting_planet": true,
            "planet": {
                "seed": 1659171456,
                "radius": 500,
                "heightRange": 10,
                "waterHeight": 25,
                "waterDepth": 0,
                "temperature": 0,
                "metalDensity": 50,
                "metalClusters": 50,
                "biomeScale": 50,
                "biome": "earth",
                "symmetryType": "terrain and CSG",
                "symmetricalMetal": true,
                "symmetricalStarts": true,
                "numArmies": 2,
                "landingZonesPerArmy": 1,
                "landingZoneSize": 0
            },
            "source": {
                "brushes": [
                    {
                        "spec": "/pa/terrain/ice/brushes/ice_cliff_09.json",
                        "weight": [
                            1,
                            1,
                            1,
                            1
                        ],
                        "proj": "BP_Bend",
                        "op": "BO_Add",
                        "transform": [
                            -0.46686843037605286,
                            -0.48862531781196594,
                            0.7370747327804565,
                            370.27703857421875,
                            0.866415798664093,
                            -0.4196385443210602,
                            0.2706051468849182,
                            135.94126892089844,
                            0.1770804226398468,
                            0.7649502158164978,
                            0.6192687749862671,
                            311.09600830078125
                        ],
                        "scale": [
                            1,
                            1,
                            1
                        ],
                        "rotation": 2.1501386165618896,
                        "position": [
                            370.27703857421875,
                            135.94125366210938,
                            311.0960388183594
                        ],
                        "height": 502.3602294921875,
                        "weightHard": false,
                        "weightScale": [
                            1,
                            1,
                            1
                        ],
                        "mirrored": false,
                        "twinId": 1,
                        "flooded": false,
                        "pathable": false,
                        "mergeable": false,
                        "no_features": false,
                        "biomeColor": [
                            0,
                            0,
                            0,
                            1
                        ]
                    },
                    {
                        "spec": "/pa/terrain/ice/brushes/ice_cliff_09.json",
                        "weight": [
                            1,
                            1,
                            1,
                            1
                        ],
                        "proj": "BP_Bend",
                        "op": "BO_Add",
                        "transform": [
                            0.30617785453796387,
                            -0.6471278667449951,
                            -0.6981980204582214,
                            -352.4906005859375,
                            0.3928871750831604,
                            0.7539442181587219,
                            -0.5265052318572998,
                            -265.8101806640625,
                            0.8671185970306396,
                            -0.11310878396034241,
                            0.4850893020629883,
                            244.90103149414062
                        ],
                        "scale": [
                            1,
                            1,
                            1
                        ],
                        "rotation": 0.7758243083953857,
                        "position": [
                            -352.49066162109375,
                            -265.8102111816406,
                            244.90101623535156
                        ],
                        "height": 504.8576354980469,
                        "weightHard": false,
                        "weightScale": [
                            1,
                            1,
                            1
                        ],
                        "mirrored": false,
                        "twinId": 2,
                        "flooded": false,
                        "pathable": false,
                        "mergeable": false,
                        "no_features": false,
                        "biomeColor": [
                            0,
                            0,
                            0,
                            1
                        ]
                    },
                    {
                        "spec": "/pa/terrain/ice/brushes/ice_cliff_09.json",
                        "weight": [
                            1,
                            1,
                            1,
                            1
                        ],
                        "proj": "BP_Bend",
                        "op": "BO_Add",
                        "transform": [
                            0.7152681946754456,
                            0.41531163454055786,
                            0.5620566606521606,
                            282.33984375,
                            -0.36724215745925903,
                            0.9076325297355652,
                            -0.20331349968910217,
                            -102.13116455078125,
                            -0.5945793390274048,
                            -0.060987234115600586,
                            0.8017206192016602,
                            402.7310485839844
                        ],
                        "scale": [
                            1,
                            1,
                            1
                        ],
                        "rotation": 5.833883285522461,
                        "position": [
                            282.33984375,
                            -102.13116455078125,
                            402.7310485839844
                        ],
                        "height": 502.3334045410156,
                        "weightHard": false,
                        "weightScale": [
                            1,
                            1,
                            1
                        ],
                        "mirrored": false,
                        "twinId": 4,
                        "flooded": false,
                        "pathable": false,
                        "mergeable": false,
                        "no_features": false,
                        "biomeColor": [
                            0,
                            0,
                            0,
                            1
                        ]
                    },
                    {
                        "spec": "/pa/terrain/ice/brushes/ice_cliff_09.json",
                        "weight": [
                            1,
                            1,
                            1,
                            1
                        ],
                        "proj": "BP_Bend",
                        "op": "BO_Add",
                        "transform": [
                            -0.23092646896839142,
                            -0.7063327431678772,
                            -0.6691539287567139,
                            -335.0180969238281,
                            0.9646036028862,
                            -0.2562029957771301,
                            -0.06244891509413719,
                            -31.265626907348633,
                            -0.1273295283317566,
                            -0.6598894000053406,
                            0.7404952049255371,
                            370.73577880859375
                        ],
                        "scale": [
                            1,
                            1,
                            1
                        ],
                        "rotation": 1.8544652462005615,
                        "position": [
                            -335.01812744140625,
                            -31.265628814697266,
                            370.7357482910156
                        ],
                        "height": 500.65924072265625,
                        "weightHard": false,
                        "weightScale": [
                            1,
                            1,
                            1
                        ],
                        "mirrored": false,
                        "twinId": 5,
                        "flooded": false,
                        "pathable": false,
                        "mergeable": false,
                        "no_features": false,
                        "biomeColor": [
                            0,
                            0,
                            0,
                            1
                        ]
                    },
                    {
                        "spec": "/pa/terrain/ice/brushes/ice_cliff_09.json",
                        "weight": [
                            1,
                            1,
                            1,
                            1
                        ],
                        "proj": "BP_Bend",
                        "op": "BO_Add",
                        "transform": [
                            -0.47273147106170654,
                            -0.8756155371665955,
                            -0.09910789877176285,
                            -49.73455810546875,
                            0.6555100083351135,
                            -0.27425891160964966,
                            -0.7036253213882446,
                            -353.09490966796875,
                            0.5889240503311157,
                            -0.39759206771850586,
                            0.7036255598068237,
                            353.0950012207031
                        ],
                        "scale": [
                            1,
                            1,
                            1
                        ],
                        "rotation": 2.024693012237549,
                        "position": [
                            -49.73456573486328,
                            -353.094970703125,
                            353.09503173828125
                        ],
                        "height": 501.82232666015625,
                        "weightHard": false,
                        "weightScale": [
                            1,
                            1,
                            1
                        ],
                        "mirrored": false,
                        "twinId": 6,
                        "flooded": false,
                        "pathable": false,
                        "mergeable": false,
                        "no_features": false,
                        "biomeColor": [
                            0,
                            0,
                            0,
                            1
                        ]
                    },
                    {
                        "spec": "/pa/terrain/ice/brushes/ice_cliff_10.json",
                        "weight": [
                            1,
                            1,
                            1,
                            1
                        ],
                        "proj": "BP_Bend",
                        "op": "BO_Add",
                        "transform": [
                            0.6371582746505737,
                            -0.5126930475234985,
                            0.575478196144104,
                            286.7991943359375,
                            0.05894988775253296,
                            0.7768937945365906,
                            0.6268659234046936,
                            312.40911865234375,
                            -0.7684752941131592,
                            -0.3654884099960327,
                            0.5252275466918945,
                            261.75592041015625
                        ],
                        "scale": [
                            1,
                            1,
                            1
                        ],
                        "rotation": 0.38417232036590576,
                        "position": [
                            286.79913330078125,
                            312.4090576171875,
                            261.7558898925781
                        ],
                        "height": 498.3667297363281,
                        "weightHard": false,
                        "weightScale": [
                            1,
                            1,
                            1
                        ],
                        "mirrored": false,
                        "twinId": 7,
                        "flooded": false,
                        "pathable": false,
                        "mergeable": false,
                        "no_features": false,
                        "biomeColor": [
                            0,
                            0,
                            0,
                            1
                        ]
                    },
                    {
                        "spec": "/pa/terrain/ice/brushes/ice_cliff_10.json",
                        "weight": [
                            1,
                            1,
                            1,
                            1
                        ],
                        "proj": "BP_Bend",
                        "op": "BO_Add",
                        "transform": [
                            -0.2782064974308014,
                            -0.29943621158599854,
                            -0.9126550555229187,
                            -455.93621826171875,
                            0.7986587882041931,
                            -0.5999763607978821,
                            -0.04660843685269356,
                            -23.28423309326172,
                            -0.5336151719093323,
                            -0.7418668270111084,
                            0.4060646891593933,
                            202.8582305908203
                        ],
                        "scale": [
                            1,
                            1,
                            1
                        ],
                        "rotation": 2.2453744411468506,
                        "position": [
                            -455.9361572265625,
                            -23.28423309326172,
                            202.85829162597656
                        ],
                        "height": 499.57122802734375,
                        "weightHard": false,
                        "weightScale": [
                            1,
                            1,
                            1
                        ],
                        "mirrored": false,
                        "twinId": 8,
                        "flooded": false,
                        "pathable": false,
                        "mergeable": false,
                        "no_features": false,
                        "biomeColor": [
                            0,
                            0,
                            0,
                            1
                        ]
                    },
                    {
                        "spec": "/pa/terrain/ice/brushes/ice_cliff_11.json",
                        "weight": [
                            1,
                            1,
                            1,
                            1
                        ],
                        "proj": "BP_Bend",
                        "op": "BO_Add",
                        "transform": [
                            -0.9741650819778442,
                            0.10232240706682205,
                            -0.20132683217525482,
                            -99.79289245605469,
                            -0.22313658893108368,
                            -0.5735457539558411,
                            0.7881974577903748,
                            390.69061279296875,
                            -0.03481990098953247,
                            0.8127578496932983,
                            0.5815601944923401,
                            288.2654724121094
                        ],
                        "scale": [
                            1,
                            1,
                            1
                        ],
                        "rotation": 3.3488569259643555,
                        "position": [
                            -99.79289245605469,
                            390.69061279296875,
                            288.2654724121094
                        ],
                        "height": 495.6760559082031,
                        "weightHard": false,
                        "weightScale": [
                            1,
                            1,
                            1
                        ],
                        "mirrored": false,
                        "twinId": 9,
                        "flooded": false,
                        "pathable": false,
                        "mergeable": false,
                        "no_features": false,
                        "biomeColor": [
                            0,
                            0,
                            0,
                            1
                        ]
                    },
                    {
                        "spec": "/pa/terrain/ice/brushes/ice_cliff_11.json",
                        "weight": [
                            1,
                            1,
                            1,
                            1
                        ],
                        "proj": "BP_Bend",
                        "op": "BO_Add",
                        "transform": [
                            -0.7842183113098145,
                            -0.46331679821014404,
                            0.41272154450416565,
                            207.43495178222656,
                            0.5679479241371155,
                            -0.8038597106933594,
                            0.1767619550228119,
                            88.84103393554688,
                            0.24987341463565826,
                            0.3730242848396301,
                            0.8935413360595703,
                            449.0962829589844
                        ],
                        "scale": [
                            1,
                            1,
                            1
                        ],
                        "rotation": 2.5656540393829346,
                        "position": [
                            207.43492126464844,
                            88.84101867675781,
                            449.0962829589844
                        ],
                        "height": 502.6026916503906,
                        "weightHard": false,
                        "weightScale": [
                            1,
                            1,
                            1
                        ],
                        "mirrored": false,
                        "twinId": 10,
                        "flooded": false,
                        "pathable": false,
                        "mergeable": false,
                        "no_features": false,
                        "biomeColor": [
                            0,
                            0,
                            0,
                            1
                        ]
                    },
                    {
                        "spec": "/pa/terrain/ice/brushes/ice_cliff_11.json",
                        "weight": [
                            1,
                            1,
                            1,
                            1
                        ],
                        "proj": "BP_Bend",
                        "op": "BO_Add",
                        "transform": [
                            -0.2850656509399414,
                            0.21382349729537964,
                            0.9343538880348206,
                            470.7273254394531,
                            -0.7400668263435364,
                            -0.6685828566551208,
                            -0.07278712093830109,
                            -36.67013931274414,
                            0.6091293692588806,
                            -0.7122334837913513,
                            0.34883368015289307,
                            175.7423553466797
                        ],
                        "scale": [
                            1,
                            1,
                            1
                        ],
                        "rotation": 3.9271175861358643,
                        "position": [
                            470.727294921875,
                            -36.67013168334961,
                            175.74237060546875
                        ],
                        "height": 503.7998352050781,
                        "weightHard": false,
                        "weightScale": [
                            1,
                            1,
                            1
                        ],
                        "mirrored": false,
                        "twinId": 11,
                        "flooded": false,
                        "pathable": false,
                        "mergeable": false,
                        "no_features": false,
                        "biomeColor": [
                            0,
                            0,
                            0,
                            1
                        ]
                    },
                    {
                        "spec": "/pa/terrain/ice/brushes/ice_cliff_10.json",
                        "weight": [
                            1,
                            1,
                            1,
                            1
                        ],
                        "proj": "BP_Bend",
                        "op": "BO_Add",
                        "transform": [
                            0.7323063611984253,
                            -0.09311743080615997,
                            -0.6745787262916565,
                            -337.1166687011719,
                            0.3493277132511139,
                            0.9017046689987183,
                            0.25475233793258667,
                            127.31095123291016,
                            0.5845488905906677,
                            -0.4222058355808258,
                            0.6928526163101196,
                            346.2489318847656
                        ],
                        "scale": [
                            1,
                            1,
                            1
                        ],
                        "rotation": 6.547616958618164,
                        "position": [
                            -337.11669921875,
                            127.31095123291016,
                            346.2489318847656
                        ],
                        "height": 499.7439880371094,
                        "weightHard": false,
                        "weightScale": [
                            1,
                            1,
                            1
                        ],
                        "mirrored": false,
                        "twinId": 12,
                        "flooded": false,
                        "pathable": false,
                        "mergeable": false,
                        "no_features": false,
                        "biomeColor": [
                            0,
                            0,
                            0,
                            1
                        ]
                    },
                    {
                        "spec": "/pa/terrain/ice/brushes/ice_cliff_08.json",
                        "weight": [
                            1,
                            1,
                            1,
                            1
                        ],
                        "proj": "BP_Bend",
                        "op": "BO_Add",
                        "transform": [
                            -0.45449620485305786,
                            -0.4930512309074402,
                            -0.7418447136878967,
                            -370.4772644042969,
                            -0.47971832752227783,
                            -0.5662490725517273,
                            0.6702479124069214,
                            334.7218322753906,
                            -0.7505354881286621,
                            0.6605017185211182,
                            0.020832298323512077,
                            10.403650283813477
                        ],
                        "scale": [
                            1,
                            1,
                            1
                        ],
                        "rotation": 3.1285314559936523,
                        "position": [
                            -370.4772644042969,
                            334.7218322753906,
                            10.403648376464844
                        ],
                        "height": 499.3999938964844,
                        "weightHard": false,
                        "weightScale": [
                            1,
                            1,
                            1
                        ],
                        "mirrored": false,
                        "twinId": 0,
                        "flooded": false,
                        "pathable": false,
                        "mergeable": false,
                        "no_features": false,
                        "biomeColor": [
                            0,
                            0,
                            0,
                            1
                        ]
                    },
                    {
                        "spec": "/pa/terrain/ice/brushes/ice_cliff_08.json",
                        "weight": [
                            1,
                            1,
                            1,
                            1
                        ],
                        "proj": "BP_Bend",
                        "op": "BO_Add",
                        "transform": [
                            0.9823794960975647,
                            -0.05778928101062775,
                            -0.17773833870887756,
                            -88.06238555908203,
                            0.16698744893074036,
                            0.6985060572624207,
                            0.6958481073379517,
                            344.7655029296875,
                            0.08393872529268265,
                            -0.7132669687271118,
                            0.6958481073379517,
                            344.7655029296875
                        ],
                        "scale": [
                            1,
                            1,
                            1
                        ],
                        "rotation": 0.1329365223646164,
                        "position": [
                            -88.0623779296875,
                            344.76544189453125,
                            344.7654724121094
                        ],
                        "height": 495.4608459472656,
                        "weightHard": false,
                        "weightScale": [
                            1,
                            1,
                            1
                        ],
                        "mirrored": false,
                        "twinId": 13,
                        "flooded": false,
                        "pathable": false,
                        "mergeable": false,
                        "no_features": false,
                        "biomeColor": [
                            0,
                            0,
                            0,
                            1
                        ]
                    },
                    {
                        "spec": "/pa/terrain/ice/brushes/ice_cliff_06.json",
                        "weight": [
                            1,
                            1,
                            1,
                            1
                        ],
                        "proj": "BP_Bend",
                        "op": "BO_Add",
                        "transform": [
                            -0.08258393406867981,
                            -0.84760981798172,
                            0.524154007434845,
                            263.1915283203125,
                            0.23469525575637817,
                            0.4946167469024658,
                            0.8368227481842041,
                            420.19073486328125,
                            -0.9685544967651367,
                            0.19212457537651062,
                            0.15808260440826416,
                            79.37744140625
                        ],
                        "scale": [
                            1,
                            1,
                            1
                        ],
                        "rotation": 1.207038402557373,
                        "position": [
                            263.1915588378906,
                            420.1908264160156,
                            79.37741088867188
                        ],
                        "height": 502.1263427734375,
                        "weightHard": false,
                        "weightScale": [
                            1,
                            1,
                            1
                        ],
                        "mirrored": false,
                        "twinId": 14,
                        "flooded": false,
                        "pathable": false,
                        "mergeable": false,
                        "no_features": false,
                        "biomeColor": [
                            0,
                            0,
                            0,
                            1
                        ]
                    },
                    {
                        "spec": "/pa/terrain/ice/brushes/ice_cliff_02.json",
                        "weight": [
                            1,
                            1,
                            1,
                            1
                        ],
                        "proj": "BP_Bend",
                        "op": "BO_Add",
                        "transform": [
                            0.5462532043457031,
                            -0.3680688440799713,
                            0.7524178624153137,
                            377.3662109375,
                            0.1866847276687622,
                            0.9291842579841614,
                            0.319007009267807,
                            159.99417114257812,
                            -0.8165513277053833,
                            -0.03379368782043457,
                            0.5762827396392822,
                            289.0277404785156
                        ],
                        "scale": [
                            1,
                            1,
                            1
                        ],
                        "rotation": 0.35964059829711914,
                        "position": [
                            377.36627197265625,
                            159.9941864013672,
                            289.0277404785156
                        ],
                        "height": 501.5380859375,
                        "weightHard": false,
                        "weightScale": [
                            1,
                            1,
                            1
                        ],
                        "mirrored": false,
                        "twinId": 15,
                        "flooded": false,
                        "pathable": false,
                        "mergeable": false,
                        "no_features": false,
                        "biomeColor": [
                            0,
                            0,
                            0,
                            1
                        ]
                    },
                    {
                        "spec": "/pa/terrain/ice/brushes/ice_cliff_02.json",
                        "weight": [
                            1,
                            1,
                            1,
                            1
                        ],
                        "proj": "BP_Bend",
                        "op": "BO_Add",
                        "transform": [
                            -0.9385319948196411,
                            0.17708709836006165,
                            -0.2963069677352905,
                            -147.60244750976562,
                            -0.3040800392627716,
                            -0.8304064273834229,
                            0.46686241030693054,
                            232.56298828125,
                            -0.16337987780570984,
                            0.5282663106918335,
                            0.8332116603851318,
                            415.05633544921875
                        ],
                        "scale": [
                            1,
                            1,
                            1
                        ],
                        "rotation": 3.4071760177612305,
                        "position": [
                            -147.6024169921875,
                            232.56292724609375,
                            415.0562744140625
                        ],
                        "height": 498.14031982421875,
                        "weightHard": false,
                        "weightScale": [
                            1,
                            1,
                            1
                        ],
                        "mirrored": false,
                        "twinId": 16,
                        "flooded": false,
                        "pathable": false,
                        "mergeable": false,
                        "no_features": false,
                        "biomeColor": [
                            0,
                            0,
                            0,
                            1
                        ]
                    },
                    {
                        "spec": "/pa/terrain/ice/brushes/ice_cliff_02.json",
                        "weight": [
                            1,
                            1,
                            1,
                            1
                        ],
                        "proj": "BP_Bend",
                        "op": "BO_Add",
                        "transform": [
                            -0.9517654776573181,
                            0.15783651173114777,
                            -0.2631162405014038,
                            -130.2848358154297,
                            -0.29605740308761597,
                            -0.6976197361946106,
                            0.6524389386177063,
                            323.0621337890625,
                            -0.08057640492916107,
                            0.6988663673400879,
                            0.7106990218162537,
                            351.9102478027344
                        ],
                        "scale": [
                            1,
                            1,
                            1
                        ],
                        "rotation": 3.410135269165039,
                        "position": [
                            -130.28485107421875,
                            323.0621643066406,
                            351.91021728515625
                        ],
                        "height": 495.1606750488281,
                        "weightHard": false,
                        "weightScale": [
                            1,
                            1,
                            1
                        ],
                        "mirrored": false,
                        "twinId": 17,
                        "flooded": false,
                        "pathable": false,
                        "mergeable": false,
                        "no_features": false,
                        "biomeColor": [
                            0,
                            0,
                            0,
                            1
                        ]
                    },
                    {
                        "spec": "/pa/terrain/ice/brushes/ice_cliff_04.json",
                        "weight": [
                            1,
                            1,
                            1,
                            1
                        ],
                        "proj": "BP_Bend",
                        "op": "BO_Add",
                        "transform": [
                            -0.439822793006897,
                            -0.36347097158432007,
                            -0.8212457895278931,
                            -411.1551208496094,
                            0.3003907799720764,
                            -0.9213111996650696,
                            0.24688242375850677,
                            123.60121154785156,
                            -0.8463575839996338,
                            -0.13811013102531433,
                            0.5143970251083374,
                            257.5318908691406
                        ],
                        "scale": [
                            1,
                            1,
                            1
                        ],
                        "rotation": 2.6878116130828857,
                        "position": [
                            -411.1551513671875,
                            123.60122680664062,
                            257.5318908691406
                        ],
                        "height": 500.6480712890625,
                        "weightHard": false,
                        "weightScale": [
                            1,
                            1,
                            1
                        ],
                        "mirrored": false,
                        "twinId": 18,
                        "flooded": false,
                        "pathable": false,
                        "mergeable": false,
                        "no_features": false,
                        "biomeColor": [
                            0,
                            0,
                            0,
                            1
                        ]
                    },
                    {
