{
    "name": "Cauldron",
    "creator": "WPMarshall",
    "version": "1.1",
    "date": "2016/10/05",
    "description": "(1v1 - 2v2) Cauldron forces players to play on a larger planet with many different pathways between bases providing opportunity for raiding and expansion. Make use of the chokepoints!",
    "players": [
        2,
        6
    ],
    "planets": [
        {
            "name": "Cauldron",
            "mass": 10000,
            "position_x": 14000,
            "position_y": 0,
            "velocity_x": -0.000008260675713245291,
            "velocity_y": 188.98223876953125,
            "required_thrust_to_move": 0,
            "starting_planet": true,
            "respawn": false,
            "start_destroyed": false,
            "min_spawn_delay": 0,
            "max_spawn_delay": 0,
            "planet": {
                "seed": 530878496,
                "radius": 600,
                "heightRange": 30.000001907348633,
                "waterHeight": 42,
                "waterDepth": 100,
                "temperature": 100,
                "metalDensity": 0,
                "metalClusters": 0,
                "metalSpotLimit": -1,
                "biomeScale": 50,
                "biome": "lava",
                "symmetryType": "terrain and CSG",
                "symmetricalMetal": true,
                "symmetricalStarts": true,
                "numArmies": 2,
                "landingZonesPerArmy": 0,
                "landingZoneSize": 0
            },
            "planetCSG": [
                {
                    "weight": [
                        1,
                        1,
                        1,
                        1
                    ],
                    "spec": "/pa/terrain/lava/brushes/lava_t2_medium_long.json",
                    "proj": "BP_Bend",
                    "transform": [
                        0.9606544971466064,
                        0.09931709617376328,
                        -0.25938209891319275,
                        -154.6350555419922,
                        0.13171996176242828,
                        0.6592729091644287,
                        0.7402763962745667,
                        441.3283996582031,
                        0.2445257008075714,
                        -0.7453156113624573,
                        0.6202514171600342,
                        369.7734680175781
                    ],
                    "op": "BO_Add",
                    "rotation": 0.019999999552965164,
                    "scale": [
                        1,
                        1,
                        1
                    ],
                    "height": 596.1670532226562,
                    "position": [
                        -154.63504028320312,
                        441.328369140625,
                        369.7734375
                    ],
                    "weightHard": false,
                    "weightScale": [
                        1,
                        1,
                        1
                    ],
                    "mirrored": false,
                    "twinId": 38,
                    "flooded": false,
                    "pathable": true,
                    "mergeable": false,
                    "no_features": false
                },
                {
                    "weight": [
                        1,
                        1,
                        1,
                        1
                    ],
                    "spec": "/pa/terrain/lava/brushes/lava_t2_medium_long.json",
                    "proj": "BP_Bend",
                    "transform": [
                        0.9606544971466064,
                        0.09931709617376328,
                        -0.25938209891319275,
                        -154.63504028320312,
                        0.13171996176242828,
                        0.6592729091644287,
                        0.7402763962745667,
                        441.3283996582031,
                        -0.2445257008075714,
                        0.7453156113624573,
                        -0.6202514171600342,
                        -369.7734680175781
                    ],
                    "op": "BO_Add",
                    "rotation": 0.019999999552965164,
                    "scale": [
                        1,
                        1,
                        1
                    ],
                    "height": 596.1670532226562,
                    "position": [
                        -154.63504028320312,
                        441.328369140625,
                        369.7734375
                    ],
                    "weightHard": false,
                    "weightScale": [
                        1,
                        1,
                        1
                    ],
                    "mirrored": true,
                    "twinId": 38,
                    "flooded": false,
                    "pathable": true,
                    "mergeable": false,
                    "no_features": false
                },
                {
                    "weight": [
                        1,
                        1,
                        1,
                        1
                    ],
                    "spec": "/pa/terrain/lava/brushes/lava_t3_small_2x_1_ramp.json",
                    "proj": "BP_Bend",
                    "transform": [
                        0.8357064723968506,
                        0.31030234694480896,
                        0.4531082510948181,
                        269.4134826660156,
                        -0.5480729341506958,
                        0.4189765155315399,
                        0.7239299416542053,
                        430.4412536621094,
                        0.03479543328285217,
                        -0.8533293008804321,
                        0.5202097296714783,
                        309.31134033203125
                    ],
                    "op": "BO_Add",
                    "rotation": -0.600000262260437,
                    "scale": [
                        1,
                        1,
                        1
                    ],
                    "height": 594.5896606445312,
                    "position": [
                        269.41351318359375,
                        430.44134521484375,
                        309.311279296875
                    ],
                    "weightHard": false,
                    "weightScale": [
                        1,
                        1,
                        1
                    ],
                    "mirrored": false,
                    "twinId": 39,
                    "flooded": false,
                    "pathable": true,
                    "mergeable": false,
                    "no_features": false
                },
                {
                    "weight": [
                        1,
                        1,
                        1,
                        1
                    ],
                    "spec": "/pa/terrain/lava/brushes/lava_t3_small_2x_1_ramp.json",
                    "proj": "BP_Bend",
                    "transform": [
                        0.8357064723968506,
                        0.31030234694480896,
                        0.4531082510948181,
                        269.4134826660156,
                        -0.5480729341506958,
                        0.4189765155315399,
                        0.7239299416542053,
                        430.4412841796875,
                        -0.03479543328285217,
                        0.8533293008804321,
                        -0.5202097296714783,
                        -309.3113708496094
                    ],
                    "op": "BO_Add",
                    "rotation": -0.600000262260437,
                    "scale": [
                        1,
                        1,
                        1
                    ],
                    "height": 594.5896606445312,
                    "position": [
                        269.41351318359375,
                        430.44134521484375,
                        309.311279296875
                    ],
                    "weightHard": false,
                    "weightScale": [
                        1,
                        1,
                        1
                    ],
                    "mirrored": true,
                    "twinId": 39,
                    "flooded": false,
                    "pathable": true,
                    "mergeable": false,
                    "no_features": false
                },
                {
                    "weight": [
                        1,
                        1,
                        1,
                        1
                    ],
                    "spec": "/pa/terrain/lava/brushes/lava_t1_medium_2_ramp.json",
                    "proj": "BP_Bend",
                    "transform": [
                        -0.2832537591457367,
                        0.28928646445274353,
                        0.9143745303153992,
                        541.5189208984375,
                        -0.6383843421936035,
                        0.6546347141265869,
                        -0.4048689007759094,
                        -239.7750244140625,
                        -0.7157044410705566,
                        -0.698403000831604,
                        -0.0007518529891967773,
                        -0.44526901841163635
                    ],
                    "op": "BO_Add",
                    "rotation": -1.1899994611740112,
                    "scale": [
                        1,
                        1,
                        1
                    ],
                    "height": 592.2288208007812,
                    "position": [
                        541.5189208984375,
                        -239.7750244140625,
                        -0.4452056884765625
                    ],
                    "weightHard": false,
                    "weightScale": [
                        1,
                        1,
                        1
                    ],
                    "mirrored": false,
                    "twinId": 0,
                    "flooded": false,
                    "pathable": true,
                    "mergeable": false,
                    "no_features": false
                },
                {
                    "weight": [
                        1,
                        1,
                        1,
                        1
                    ],
                    "spec": "/pa/terrain/lava/brushes/lava_t2_medium_long.json",
                    "proj": "BP_Bend",
                    "transform": [
                        0.9742118716239929,
                        -0.08617092669010162,
                        0.20853263139724731,
                        120.93006134033203,
                        0.20699799060821533,
                        -0.026476304978132248,
                        -0.9779830574989319,
                        -567.1417236328125,
                        0.08979490399360657,
                        0.9959285259246826,
                        -0.007956266403198242,
                        -4.613914966583252
                    ],
                    "op": "BO_Add",
                    "rotation": 0.29999998211860657,
                    "scale": [
                        1,
                        1,
                        1
                    ],
                    "height": 579.9095458984375,
                    "position": [
                        120.9300537109375,
                        -567.1417236328125,
                        -4.613956451416016
                    ],
                    "weightHard": false,
                    "weightScale": [
                        1,
                        1,
                        1
                    ],
                    "mirrored": false,
                    "twinId": 0,
                    "flooded": false,
                    "pathable": true,
                    "mergeable": false,
                    "no_features": false
                },
                {
                    "weight": [
                        1,
                        1,
                        1,
                        1
                    ],
                    "spec": "/pa/terrain/lava/brushes/lava_volcano_04.json",
                    "proj": "BP_Bend",
                    "transform": [
                        0.8636248111724854,
                        -0.11056211590766907,
                        -0.8257889747619629,
                        -409.0332946777344,
                        -0.8163974285125732,
                        0.12506595253944397,
                        -0.8705474734306335,
                        -431.2032470703125,
                        0.1662731170654297,
                        1.1883323192596436,
                        0.014789553359150887,
                        7.325623989105225
                    ],
                    "op": "BO_Add",
                    "rotation": -0.6200000643730164,
                    "scale": [
                        1.1999996900558472,
                        1.1999996900558472,
                        1.1999996900558472
                    ],
                    "height": 594.388916015625,
                    "position": [
                        -407.656982421875,
                        -429.7523498535156,
                        7.300969123840332
                    ],
                    "weightHard": false,
                    "weightScale": [
                        1,
                        1,
                        1
                    ],
                    "mirrored": false,
                    "twinId": 0,
                    "flooded": false,
                    "pathable": false,
                    "mergeable": false,
                    "no_features": false
                },
                {
                    "weight": [
                        1,
                        1,
                        1,
                        1
                    ],
                    "spec": "/pa/terrain/lava/brushes/lava_volcano_06.json",
                    "proj": "BP_Bend",
                    "transform": [
                        0.5676262378692627,
                        -0.5314602255821228,
                        -0.6287690997123718,
                        -374.1836242675781,
                        -0.5314602255821228,
                        0.3467457890510559,
                        -0.7728632092475891,
                        -459.93475341796875,
                        0.6287690997123718,
                        0.7728632092475891,
                        -0.08562803268432617,
                        -50.95766830444336
                    ],
                    "op": "BO_Add",
                    "rotation": 0,
                    "scale": [
                        1,
                        1,
                        1
                    ],
                    "height": 595.10498046875,
                    "position": [
                        -374.18359375,
                        -459.9346923828125,
                        -50.957611083984375
                    ],
                    "weightHard": false,
                    "weightScale": [
                        1,
                        1,
                        1
                    ],
                    "mirrored": false,
                    "twinId": 56,
                    "flooded": false,
                    "pathable": false,
                    "mergeable": false,
                    "no_features": false
                },
                {
                    "weight": [
                        1,
                        1,
                        1,
                        1
                    ],
                    "spec": "/pa/terrain/lava/brushes/lava_volcano_06.json",
                    "proj": "BP_Bend",
                    "transform": [
                        0.5676262378692627,
                        -0.5314602255821228,
                        -0.6287690997123718,
                        -374.1836242675781,
                        -0.5314602255821228,
                        0.3467457890510559,
                        -0.7728632092475891,
                        -459.9347229003906,
                        -0.6287690997123718,
                        -0.7728632092475891,
                        0.08562803268432617,
                        50.957664489746094
                    ],
                    "op": "BO_Add",
                    "rotation": 0,
                    "scale": [
                        1,
                        1,
                        1
                    ],
                    "height": 595.10498046875,
                    "position": [
                        -374.18359375,
                        -459.9346923828125,
                        -50.957611083984375
                    ],
                    "weightHard": false,
                    "weightScale": [
                        1,
                        1,
                        1
                    ],
                    "mirrored": true,
                    "twinId": 56,
                    "flooded": false,
                    "pathable": false,
                    "mergeable": false,
                    "no_features": false
                },
                {
                    "weight": [
                        1,
                        1,
                        1,
                        1
                    ],
                    "spec": "/pa/terrain/lava/brushes/lava_crack_04.json",
                    "proj": "BP_Bend",
                    "transform": [
                        0.3107706308364868,
                        -0.10351993888616562,
                        -0.5026980042457581,
                        -497.9493408203125,
                        0.42886894941329956,
                        0.375204861164093,
                        0.18786367774009705,
                        186.08905029296875,
                        0.2819451689720154,
                        -0.4566234350204468,
                        0.268331915140152,
                        265.7971496582031
                    ],
                    "op": "BO_Subtract",
                    "rotation": 0.6599999070167542,
                    "scale": [
                        0.6000000238418579,
                        0.6000000238418579,
                        0.6000000238418579
                    ],
                    "height": 594.3322143554688,
                    "position": [
                        -497.9493408203125,
                        186.08905029296875,
                        265.797119140625
                    ],
                    "weightHard": false,
                    "weightScale": [
                        1,
                        1,
                        1
                    ],
                    "mirrored": false,
                    "twinId": 58,
                    "flooded": false,
                    "pathable": false,
                    "mergeable": false,
                    "no_features": true
                },
                {
                    "weight": [
                        1,
                        1,
                        1,
                        1
                    ],
                    "spec": "/pa/terrain/lava/brushes/lava_crack_04.json",
                    "proj": "BP_Bend",
                    "transform": [
                        0.3107706308364868,
                        -0.10351993888616562,
                        -0.5026980042457581,
                        -497.9493408203125,
                        0.42886894941329956,
                        0.375204861164093,
                        0.18786367774009705,
                        186.08905029296875,
                        -0.2819451689720154,
                        0.4566234350204468,
                        -0.268331915140152,
                        -265.7971496582031
                    ],
                    "op": "BO_Subtract",
                    "rotation": 0.6599999070167542,
                    "scale": [
                        0.6000000238418579,
                        0.6000000238418579,
                        0.6000000238418579
                    ],
                    "height": 594.3322143554688,
                    "position": [
                        -497.9493408203125,
                        186.08905029296875,
                        265.797119140625
                    ],
                    "weightHard": false,
                    "weightScale": [
                        1,
                        1,
                        1
                    ],
                    "mirrored": true,
                    "twinId": 58,
                    "flooded": false,
                    "pathable": false,
                    "mergeable": false,
                    "no_features": true
                },
                {
                    "weight": [
                        1,
                        1,
                        1,
                        1
                    ],
                    "spec": "/pa/terrain/lava/brushes/lava_metal_t3_small_2x_1_ramp.json",
                    "proj": "BP_Bend",
                    "transform": [
                        -0.9982550740242004,
                        0.04654045030474663,
                        0.03634187579154968,
                        21.702728271484375,
                        -0.05465100333094597,
                        -0.9612643122673035,
                        -0.2701558768749237,
                        -161.3323211669922,
                        0.022360973060131073,
                        -0.2716706097126007,
                        0.9621304869651794,
                        574.5673828125
                    ],
                    "op": "BO_Add",
                    "rotation": -3.0899975299835205,
                    "scale": [
                        1,
                        1,
                        1
                    ],
                    "height": 597.182373046875,
                    "position": [
                        21.702728271484375,
                        -161.33233642578125,
                        574.5673828125
                    ],
                    "weightHard": false,
                    "weightScale": [
                        1,
                        1,
                        1
                    ],
                    "mirrored": false,
                    "twinId": 64,
                    "flooded": false,
                    "pathable": true,
                    "mergeable": false,
                    "no_features": true
                },
                {
                    "weight": [
                        1,
                        1,
                        1,
                        1
                    ],
                    "spec": "/pa/terrain/lava/brushes/lava_metal_t3_small_2x_1_ramp.json",
                    "proj": "BP_Bend",
                    "transform": [
                        -0.9982550740242004,
                        0.04654045030474663,
                        0.03634187579154968,
                        21.702728271484375,
                        -0.05465100333094597,
                        -0.9612643122673035,
                        -0.2701558768749237,
                        -161.3323211669922,
                        -0.022360973060131073,
                        0.2716706097126007,
                        -0.9621304869651794,
                        -574.5673828125
                    ],
                    "op": "BO_Add",
                    "rotation": -3.0899975299835205,
                    "scale": [
                        1,
                        1,
                        1
                    ],
                    "height": 597.182373046875,
                    "position": [
                        21.702728271484375,
                        -161.33233642578125,
                        574.5673828125
                    ],
                    "weightHard": false,
                    "weightScale": [
                        1,
                        1,
                        1
                    ],
                    "mirrored": true,
                    "twinId": 64,
                    "flooded": false,
                    "pathable": true,
                    "mergeable": false,
                    "no_features": true
                },
                {
                    "weight": [
                        1,
                        1,
                        1,
                        1
                    ],
                    "spec": "/pa/terrain/lava/brushes/lava_volcano_05.json",
                    "proj": "BP_Bend",
                    "transform": [
                        0.6428266763687134,
                        -0.1827162355184555,
                        -0.7439010143280029,
                        -442.9393310546875,
                        -0.1827162355184555,
                        0.9065293669700623,
                        -0.3805513083934784,
                        -226.5908203125,
                        0.7439010143280029,
                        0.3805513083934784,
                        0.5493559837341309,
                        327.1018371582031
                    ],
                    "op": "BO_Add",
                    "rotation": 0,
                    "scale": [
                        1,
                        1,
                        1
                    ],
                    "height": 595.4277954101562,
                    "position": [
                        -442.9393310546875,
                        -226.5908203125,
                        327.101806640625
                    ],
                    "weightHard": false,
                    "weightScale": [
                        1,
                        1,
                        1
                    ],
                    "mirrored": false,
                    "twinId": 66,
                    "flooded": false,
                    "pathable": false,
                    "mergeable": false,
                    "no_features": false
                },
                {
                    "weight": [
                        1,
                        1,
                        1,
                        1
                    ],
                    "spec": "/pa/terrain/lava/brushes/lava_volcano_05.json",
                    "proj": "BP_Bend",
                    "transform": [
                        0.6428266763687134,
                        -0.1827162355184555,
                        -0.7439010143280029,
                        -442.9393005371094,
                        -0.1827162355184555,
                        0.9065293669700623,
                        -0.3805513083934784,
                        -226.59080505371094,
                        -0.7439010143280029,
                        -0.3805513083934784,
                        -0.5493559837341309,
                        -327.1018371582031
                    ],
                    "op": "BO_Add",
                    "rotation": 0,
                    "scale": [
                        1,
                        1,
                        1
                    ],
                    "height": 595.4277954101562,
                    "position": [
                        -442.9393310546875,
                        -226.5908203125,
                        327.101806640625
                    ],
                    "weightHard": false,
                    "weightScale": [
                        1,
                        1,
                        1
                    ],
                    "mirrored": true,
                    "twinId": 66,
                    "flooded": false,
                    "pathable": false,
                    "mergeable": false,
                    "no_features": false
                },
                {
                    "weight": [
                        1,
                        1,
                        1,
                        1
                    ],
                    "spec": "/pa/terrain/lava/brushes/lava_metal_t2_medium_2_ramp.json",
                    "proj": "BP_Bend",
                    "transform": [
                        0.0017894282937049866,
                        -0.32577016949653625,
                        1.0778096914291382,
                        568.9266357421875,
                        -0.0013181567192077637,
                        0.9454472064971924,
                        0.3713807761669159,
                        196.03500366210938,
                        -0.9999974370002747,
                        -0.0018292069435119629,
                        0.0014390979195013642,
                        0.7596343159675598
                    ],
                    "op": "BO_Add",
                    "rotation": 0.3299999535083771,
                    "scale": [
                        1,
                        1,
                        1.1399998664855957
                    ],
                    "height": 601.7540283203125,
                    "position": [
                        568.9267578125,
                        196.0350341796875,
                        0.759674072265625
                    ],
                    "weightHard": false,
                    "weightScale": [
                        1,
                        1,
                        1
                    ],
                    "mirrored": false,
                    "twinId": 0,
                    "flooded": false,
                    "pathable": true,
                    "mergeable": false,
                    "no_features": true
                },
                {
                    "weight": [
                        1,
                        1,
                        1,
                        1
                    ],
                    "spec": "/pa/terrain/lava/brushes/lava_metal_t3_medium_2_ramp.json",
                    "proj": "BP_Bend",
                    "transform": [
                        0.0025107460096478462,
                        -0.12058310210704803,
                        -0.9927000403404236,
                        -565.9647216796875,
                        -0.0005809217691421509,
                        0.992702841758728,
                        -0.12058491259813309,
                        -68.74867248535156,
                        0.9999966621398926,
                        0.0008794441819190979,
                        0.0024223923683166504,
                        1.3810704946517944
                    ],
                    "op": "BO_Add",
                    "rotation": 0.11999998241662979,
                    "scale": [
                        1,
                        1,
                        1
                    ],
                    "height": 570.1266479492188,
                    "position": [
                        -594.7530517578125,
                        -72.24563598632812,
                        1.4512939453125
                    ],
                    "weightHard": false,
                    "weightScale": [
                        1,
                        1,
                        1
                    ],
                    "mirrored": false,
                    "twinId": 0,
                    "flooded": false,
                    "pathable": true,
                    "mergeable": false,
                    "no_features": true
                },
                {
                    "weight": [
                        1,
                        1,
                        1,
                        1
                    ],
                    "spec": "/pa/terrain/lava/brushes/lava_volcano_06.json",
                    "proj": "BP_Bend",
                    "transform": [
                        0.0020992159843444824,
                        0.10535837709903717,
                        -0.9944322109222412,
                        -601.8146362304688,
                        0.10535837709903717,
                        0.9888762831687927,
                        0.10499216616153717,
                        63.53960037231445,
                        0.9944322109222412,
                        -0.10499216616153717,
                        -0.009024500846862793,
                        -5.461485385894775
                    ],
                    "op": "BO_Add",
                    "rotation": 0,
                    "scale": [
                        1,
                        1,
                        1
                    ],
                    "height": 605.1842041015625,
                    "position": [
                        -601.8146362304688,
                        63.53959655761719,
                        -5.461418151855469
                    ],
                    "weightHard": false,
                    "weightScale": [
                        1,
                        1,
                        1
                    ],
                    "mirrored": false,
                    "twinId": 0,
                    "flooded": false,
                    "pathable": false,
                    "mergeable": false,
                    "no_features": false
                },
                {
                    "weight": [
                        1,
                        1,
                        1,
                        1
                    ],
                    "spec": "/pa/terrain/lava/brushes/lava_plateau_05.json",
                    "proj": "BP_Bend",
                    "transform": [
                        0.2931169271469116,
                        -0.10146726667881012,
                        -0.9506770968437195,
                        -566.9570922851562,
                        -0.8904765844345093,
                        0.3330029845237732,
                        -0.3100976347923279,
                        -184.9335174560547,
                        0.3480430841445923,
                        0.9374505281448364,
                        0.007254600524902344,
                        4.32643985748291
                    ],
                    "op": "BO_Add",
                    "rotation": -0.8999994397163391,
                    "scale": [
                        1,
                        1,
                        1
                    ],
                    "height": 596.3718872070312,
                    "position": [
                        -566.95703125,
                        -184.93350219726562,
                        4.3264312744140625
                    ],
                    "weightHard": false,
                    "weightScale": [
                        1,
                        1,
                        1
                    ],
                    "mirrored": false,
                    "twinId": 0,
                    "flooded": false,
                    "pathable": false,
                    "mergeable": false,
                    "no_features": false
                },
                {
                    "weight": [
                        1,
                        1,
                        1,
                        1
                    ],
                    "spec": "/pa/terrain/lava/brushes/lava_metal_t3_small_2_ramp.json",
                    "proj": "BP_Bend",
                    "transform": [
                        -0.005711853504180908,
                        -0.5480328798294067,
                        0.8364372849464417,
                        507.2013854980469,
                        0.008157461881637573,
                        0.8363975286483765,
                        0.5480626225471497,
                        332.33587646484375,
                        -0.9999504089355469,
                        0.009953618049621582,
                        -0.00030684471130371094,
                        -0.1860654354095459
                    ],
                    "op": "BO_Add",
                    "rotation": 0.5900000333786011,
                    "scale": [
                        1,
                        1,
                        1
                    ],
                    "height": 606.383056640625,
                    "position": [
                        498.8370361328125,
                        326.8552551269531,
                        -0.18295669555664062
                    ],
                    "weightHard": false,
                    "weightScale": [
                        1,
                        1,
                        1
                    ],
                    "mirrored": false,
                    "twinId": 0,
                    "flooded": false,
                    "pathable": true,
                    "mergeable": false,
                    "no_features": true
                },
                {
                    "weight": [
                        1,
                        1,
                        1,
                        1
                    ],
                    "spec": "/pa/terrain/lava/brushes/lava_metal_t2_medium_2_ramp.json",
                    "proj": "BP_Bend",
                    "transform": [
                        0.8319634199142456,
                        -0.006477266550064087,
                        0.5900803208351135,
                        336.7213439941406,
                        -0.590073823928833,
                        0.0030357539653778076,
                        0.8319876790046692,
                        474.76251220703125,
                        -0.007039576768875122,
                        -1.0199748277664185,
                        -0.0012710165465250611,
                        -0.7252883911132812
                    ],
                    "op": "BO_Add",
                    "rotation": -0.60999995470047,
                    "scale": [
                        1.0199999809265137,
                        1.0199999809265137,
                        1.0199999809265137
                    ],
                    "height": 582.0491943359375,
                    "position": [
                        342.5064697265625,
                        482.9192810058594,
                        -0.7377586364746094
                    ],
                    "weightHard": false,
                    "weightScale": [
                        1,
                        1,
                        1
                    ],
                    "mirrored": false,
                    "twinId": 0,
                    "flooded": false,
                    "pathable": true,
                    "mergeable": false,
                    "no_features": true
                },
                {
                    "weight": [
                        1,
                        1,
                        1,
                        1
                    ],
                    "spec": "/pa/terrain/lava/brushes/lava_plateau_02.json",
                    "proj": "BP_Bend",
                    "transform": [
                        0.031359851360321045,
                        -0.4663114845752716,
                        0.8840646743774414,
                        527.8255004882812,
                        -0.4663114845752716,
                        0.7755137085914612,
                        0.42559614777565,
                        254.09962463378906,
                        -0.8840646743774414,
                        -0.42559614777565,
                        -0.19312644004821777,
                        -115.30498504638672
                    ],
                    "op": "BO_Add",
                    "rotation": 0,
