{
    "name": "ColdFeets",
    "creator": "AndreasG",
    "version": "1.0",
    "date": "2016/02/15",
    "description": "The Ice Age is over and the ice is melting but you are stil in danger of getting cold feets. Make sure that dosnt happen. ColdFeets is a big and intence map where macro and awareness are going to be deciding factors",
    "planets": [
        {
            "name": "Flakes",
            "mass": 20000,
            "position_x": 74700,
            "position_y": -9900,
            "velocity_x": 10.702070236206055,
            "velocity_y": 80.75200653076172,
            "required_thrust_to_move": 0,
            "starting_planet": true,
            "respawn": false,
            "start_destroyed": false,
            "min_spawn_delay": 0,
            "max_spawn_delay": 0,
            "planet": {
                "seed": 507751520,
                "radius": 600,
                "heightRange": 31,
                "waterHeight": 36,
                "waterDepth": 241.00001525878906,
                "temperature": 28,
                "metalDensity": 0,
                "metalClusters": 0,
                "metalSpotLimit": -1,
                "biomeScale": 50,
                "biome": "earth",
                "symmetryType": "terrain and CSG",
                "symmetricalMetal": true,
                "symmetricalStarts": true,
                "numArmies": 2,
                "landingZonesPerArmy": 1,
                "landingZoneSize": 281
            },
            "source": {
                "brushes": [
                    {
                        "spec": "/pa/terrain/ice/brushes/ice_cliff_09.json",
                        "weight": [
                            1,
                            1,
                            1,
                            1
                        ],
                        "proj": "BP_Bend",
                        "op": "BO_Add",
                        "transform": [
                            0.5570898056030273,
                            -0.5939022302627563,
                            -0.5804576277732849,
                            -348.6883850097656,
                            0.5986036658287048,
                            0.771648645401001,
                            -0.21501626074314117,
                            -129.1630401611328,
                            0.57560795545578,
                            -0.22768068313598633,
                            0.7853897213935852,
                            471.7937316894531
                        ],
                        "scale": [
                            1,
                            1,
                            1
                        ],
                        "rotation": 0.7314167618751526,
                        "position": [
                            -348.6883544921875,
                            -129.16302490234375,
                            471.79376220703125
                        ],
                        "height": 600.712890625,
                        "weightHard": false,
                        "weightScale": [
                            1,
                            1,
                            1
                        ],
                        "mirrored": false,
                        "twinId": 0,
                        "flooded": false,
                        "pathable": false,
                        "mergeable": false,
                        "no_features": false
                    },
                    {
                        "spec": "/pa/terrain/ice/brushes/ice_cliff_09.json",
                        "weight": [
                            1,
                            1,
                            1,
                            1
                        ],
                        "proj": "BP_Bend",
                        "op": "BO_Add",
                        "transform": [
                            -0.8043348789215088,
                            -0.3956306278705597,
                            0.44330793619155884,
                            263.40875244140625,
                            0.20728641748428345,
                            -0.8860528469085693,
                            -0.4146597385406494,
                            -246.38632202148438,
                            0.5568463802337646,
                            -0.2416335642337799,
                            0.7946920394897461,
                            472.1973876953125
                        ],
                        "scale": [
                            1,
                            1,
                            1
                        ],
                        "rotation": 2.7989847660064697,
                        "position": [
                            263.40875244140625,
                            -246.38629150390625,
                            472.1973876953125
                        ],
                        "height": 594.1891479492188,
                        "weightHard": false,
                        "weightScale": [
                            1,
                            1,
                            1
                        ],
                        "mirrored": false,
                        "twinId": 0,
                        "flooded": false,
                        "pathable": false,
                        "mergeable": false,
                        "no_features": false
                    },
                    {
                        "spec": "/pa/terrain/ice/brushes/ice_cliff_09.json",
                        "weight": [
                            1,
                            1,
                            1,
                            1
                        ],
                        "proj": "BP_Bend",
                        "op": "BO_Add",
                        "transform": [
                            -0.4206998348236084,
                            -0.7447134852409363,
                            0.518086314201355,
                            307.5239562988281,
                            0.7059496641159058,
                            -0.6274135708808899,
                            -0.3286140561103821,
                            -195.05763244628906,
                            0.56977778673172,
                            0.22749502956867218,
                            0.7896829843521118,
                            468.73736572265625
                        ],
                        "scale": [
                            1,
                            1,
                            1
                        ],
                        "rotation": 2.1964681148529053,
                        "position": [
                            307.5239562988281,
                            -195.0576171875,
                            468.73736572265625
                        ],
                        "height": 593.5765991210938,
                        "weightHard": false,
                        "weightScale": [
                            1,
                            1,
                            1
                        ],
                        "mirrored": false,
                        "twinId": 0,
                        "flooded": false,
                        "pathable": false,
                        "mergeable": false,
                        "no_features": false
                    },
                    {
                        "spec": "/pa/terrain/ice/brushes/ice_cliff_09.json",
                        "weight": [
                            1,
                            1,
                            1,
                            1
                        ],
                        "proj": "BP_Bend",
                        "op": "BO_Add",
                        "transform": [
                            -0.5292291045188904,
                            0.7194414138793945,
                            0.449800580739975,
                            266.807373046875,
                            -0.804452121257782,
                            -0.256910502910614,
                            -0.5355872511863708,
                            -317.69329833984375,
                            -0.26976513862609863,
                            -0.6452914476394653,
                            0.7147207260131836,
                            423.9495849609375
                        ],
                        "scale": [
                            1,
                            1,
                            1
                        ],
                        "rotation": 4.236121654510498,
                        "position": [
                            266.807373046875,
                            -317.69329833984375,
                            423.9495849609375
                        ],
                        "height": 593.1681518554688,
                        "weightHard": false,
                        "weightScale": [
                            1,
                            1,
                            1
                        ],
                        "mirrored": false,
                        "twinId": 0,
                        "flooded": false,
                        "pathable": false,
                        "mergeable": false,
                        "no_features": false
                    },
                    {
                        "spec": "/pa/terrain/ice/brushes/ice_cliff_10.json",
                        "weight": [
                            1,
                            1,
                            1,
                            1
                        ],
                        "proj": "BP_Bend",
                        "op": "BO_Add",
                        "transform": [
                            -0.8648321628570557,
                            0.09072086215019226,
                            -0.4732176661491394,
                            -281.5174255371094,
                            -0.3987795114517212,
                            -0.6804929375648499,
                            0.5983344912528992,
                            355.9494934082031,
                            -0.2704443335533142,
                            0.713301420211792,
                            0.6309998035430908,
                            375.3821105957031
                        ],
                        "scale": [
                            0.9900000095367432,
                            0.9900000095367432,
                            0.9900000095367432
                        ],
                        "rotation": 3.4483556747436523,
                        "position": [
                            -281.5174560546875,
                            355.94952392578125,
                            375.38214111328125
                        ],
                        "height": 588.9514770507812,
                        "weightHard": false,
                        "weightScale": [
                            1,
                            1,
                            1
                        ],
                        "mirrored": false,
                        "twinId": 0,
                        "flooded": false,
                        "pathable": false,
                        "mergeable": false,
                        "no_features": false
                    },
                    {
                        "spec": "/pa/terrain/ice/brushes/ice_cliff_06.json",
                        "weight": [
                            1,
                            1,
                            1,
                            1
                        ],
                        "proj": "BP_Bend",
                        "op": "BO_Add",
                        "transform": [
                            0.785163938999176,
                            0.18627166748046875,
                            -0.5906103253364563,
                            -349.055419921875,
                            0.2226356565952301,
                            0.8050307035446167,
                            0.5498717427253723,
                            324.9786071777344,
                            0.5778849720954895,
                            -0.5632303953170776,
                            0.5906103253364563,
                            349.055419921875
                        ],
                        "scale": [
                            1,
                            1,
                            1
                        ],
                        "rotation": 0.022863654419779778,
                        "position": [
                            -349.055419921875,
                            324.9786071777344,
                            349.05548095703125
                        ],
                        "height": 591.0079956054688,
                        "weightHard": false,
                        "weightScale": [
                            1,
                            1,
                            1
                        ],
                        "mirrored": false,
                        "twinId": 0,
                        "flooded": false,
                        "pathable": false,
                        "mergeable": false,
                        "no_features": false
                    },
                    {
                        "spec": "/pa/terrain/ice/brushes/ice_cliff_02.json",
                        "weight": [
                            1,
                            1,
                            1,
                            1
                        ],
                        "proj": "BP_Bend",
                        "op": "BO_Add",
                        "transform": [
                            -0.055740028619766235,
                            0.7403532266616821,
                            -0.6699029803276062,
                            -403.04864501953125,
                            -0.9488836526870728,
                            -0.24804404377937317,
                            -0.1951766163110733,
                            -117.42845916748047,
                            -0.310665100812912,
                            0.6247808933258057,
                            0.716335117816925,
                            430.9846496582031
                        ],
                        "scale": [
                            1,
                            1,
                            1
                        ],
                        "rotation": 4.5344557762146,
                        "position": [
                            -403.0487060546875,
                            -117.428466796875,
                            430.984619140625
                        ],
                        "height": 601.6522827148438,
                        "weightHard": false,
                        "weightScale": [
                            1,
                            1,
                            1
                        ],
                        "mirrored": false,
                        "twinId": 0,
                        "flooded": false,
                        "pathable": false,
                        "mergeable": false,
                        "no_features": false
                    },
                    {
                        "spec": "/pa/terrain/ice/brushes/ice_cliff_04.json",
                        "weight": [
                            1,
                            1,
                            1,
                            1
                        ],
                        "proj": "BP_Bend",
                        "op": "BO_Add",
                        "transform": [
                            0.36077290773391724,
                            -0.8280898332595825,
                            -0.429080605506897,
                            -256.4382629394531,
                            0.92832350730896,
                            0.3631194233894348,
                            0.07974835485219955,
                            47.66127395629883,
                            0.08976869285106659,
                            -0.4270966351032257,
                            0.8997389078140259,
                            537.7252197265625
                        ],
                        "scale": [
                            1,
                            1,
                            1
                        ],
                        "rotation": 1.1798664331436157,
                        "position": [
                            -256.438232421875,
                            47.66127014160156,
                            537.7252197265625
                        ],
                        "height": 597.6458740234375,
                        "weightHard": false,
                        "weightScale": [
                            1,
                            1,
                            1
                        ],
                        "mirrored": false,
                        "twinId": 0,
                        "flooded": false,
                        "pathable": false,
                        "mergeable": false,
                        "no_features": false
                    },
                    {
                        "spec": "/pa/terrain/ice/brushes/ice_cliff_02.json",
                        "weight": [
                            1,
                            1,
                            1,
                            1
                        ],
                        "proj": "BP_Bend",
                        "op": "BO_Add",
                        "transform": [
                            -0.4610474705696106,
                            0.8625669479370117,
                            -0.20835915207862854,
                            -125.62337493896484,
                            -0.6715142726898193,
                            -0.4926343262195587,
                            -0.5535160303115845,
                            -333.7244873046875,
                            -0.5800895094871521,
                            -0.11528101563453674,
                            0.8063538074493408,
                            486.164794921875
                        ],
                        "scale": [
                            1,
                            1,
                            1
                        ],
                        "rotation": 4.156192779541016,
                        "position": [
                            -125.62338256835938,
                            -333.7244873046875,
                            486.164794921875
                        ],
                        "height": 602.91748046875,
                        "weightHard": false,
                        "weightScale": [
                            1,
                            1,
                            1
                        ],
                        "mirrored": false,
                        "twinId": 0,
                        "flooded": false,
                        "pathable": false,
                        "mergeable": false,
                        "no_features": false
                    },
                    {
                        "spec": "/pa/terrain/ice/brushes/ice_cliff_04.json",
                        "weight": [
                            1,
                            1,
                            1,
                            1
                        ],
                        "proj": "BP_Bend",
                        "op": "BO_Add",
                        "transform": [
                            0.5635082125663757,
                            0.7591399550437927,
                            0.32582995295524597,
                            194.78863525390625,
                            -0.6869893074035645,
                            0.6496724486351013,
                            -0.3255325257778168,
                            -194.61082458496094,
                            -0.45880749821662903,
                            -0.040401458740234375,
                            0.8876166939735413,
                            530.6376953125
                        ],
                        "scale": [
                            1,
                            1,
                            1
                        ],
                        "rotation": 5.410412788391113,
                        "position": [
                            194.78863525390625,
                            -194.61083984375,
                            530.6376342773438
                        ],
                        "height": 597.822998046875,
                        "weightHard": false,
                        "weightScale": [
                            1,
                            1,
                            1
                        ],
                        "mirrored": false,
                        "twinId": 0,
                        "flooded": false,
                        "pathable": false,
                        "mergeable": false,
                        "no_features": false
                    },
                    {
                        "spec": "/pa/terrain/ice/brushes/ice_cliff_02.json",
                        "weight": [
                            1,
                            1,
                            1,
                            1
                        ],
                        "proj": "BP_Bend",
                        "op": "BO_Add",
                        "transform": [
                            -0.7373688220977783,
                            -0.6637476086616516,
                            -0.12540501356124878,
                            -75.78133392333984,
                            0.5027919411659241,
                            -0.41533076763153076,
                            -0.7580901980400085,
                            -458.1083984375,
                            0.45109593868255615,
                            -0.6220446825027466,
                            0.6399788856506348,
                            386.7345886230469
                        ],
                        "scale": [
                            1,
                            1,
                            1
                        ],
                        "rotation": 2.350227117538452,
                        "position": [
                            -75.78133392333984,
                            -458.1082763671875,
                            386.7345886230469
                        ],
                        "height": 604.292724609375,
                        "weightHard": false,
                        "weightScale": [
                            1,
                            1,
                            1
                        ],
                        "mirrored": false,
                        "twinId": 0,
                        "flooded": false,
                        "pathable": false,
                        "mergeable": false,
                        "no_features": false
                    },
                    {
                        "spec": "/pa/terrain/ice/brushes/ice_cliff_01.json",
                        "weight": [
                            1,
                            1,
                            1,
                            1
                        ],
                        "proj": "BP_Bend",
                        "op": "BO_Add",
                        "transform": [
                            -0.8293077945709229,
                            -0.289988249540329,
                            -0.47765621542930603,
                            -284.31024169921875,
                            0.11032652109861374,
                            -0.9229468107223511,
                            0.3687779903411865,
                            219.50381469726562,
                            -0.5477925539016724,
                            0.25313228368759155,
                            0.7974004149436951,
                            474.6282043457031
                        ],
                        "scale": [
                            1,
                            1,
                            1
                        ],
                        "rotation": 2.916990280151367,
                        "position": [
                            -284.3101806640625,
                            219.50376892089844,
                            474.6281433105469
                        ],
                        "height": 595.2194213867188,
                        "weightHard": false,
                        "weightScale": [
                            1,
                            1,
                            1
                        ],
                        "mirrored": false,
                        "twinId": 0,
                        "flooded": false,
                        "pathable": false,
                        "mergeable": false,
                        "no_features": false
                    },
                    {
                        "spec": "/pa/terrain/ice/brushes/ice_cliff_03.json",
                        "weight": [
                            1,
                            1,
                            1,
                            1
                        ],
                        "proj": "BP_Bend",
                        "op": "BO_Add",
                        "transform": [
                            0.6367789506912231,
                            -0.2408987134695053,
                            -0.732448160648346,
                            -441.3128356933594,
                            0.2855008840560913,
                            0.9560863375663757,
                            -0.06624224036931992,
                            -39.912109375,
                            0.7162414193153381,
                            -0.16693294048309326,
                            0.6775925159454346,
                            408.2613525390625
                        ],
                        "scale": [
                            1,
                            1,
                            1
                        ],
                        "rotation": 0.3191743791103363,
                        "position": [
                            -441.3128662109375,
                            -39.912109375,
                            408.2613525390625
                        ],
                        "height": 602.5175170898438,
                        "weightHard": false,
                        "weightScale": [
                            1,
                            1,
                            1
                        ],
                        "mirrored": false,
                        "twinId": 0,
                        "flooded": false,
                        "pathable": false,
                        "mergeable": false,
                        "no_features": false
                    },
                    {
                        "spec": "/pa/terrain/ice/brushes/ice_cliff_01.json",
                        "weight": [
                            1,
                            1,
                            1,
                            1
                        ],
                        "proj": "BP_Bend",
                        "op": "BO_Add",
                        "transform": [
                            -0.8953126668930054,
                            0.4450470507144928,
                            -0.018663115799427032,
                            -11.279977798461914,
                            -0.35839298367500305,
                            -0.7446035146713257,
                            -0.5631341934204102,
                            -340.3580017089844,
                            -0.2645178735256195,
                            -0.4974924921989441,
                            0.8261546492576599,
                            499.3274230957031
                        ],
                        "scale": [
                            1,
                            1,
                            1
                        ],
                        "rotation": 3.5971498489379883,
                        "position": [
                            -11.279973983764648,
                            -340.3579406738281,
                            499.32733154296875
                        ],
                        "height": 604.3994140625,
                        "weightHard": false,
                        "weightScale": [
                            1,
                            1,
                            1
                        ],
                        "mirrored": false,
                        "twinId": 0,
                        "flooded": false,
                        "pathable": false,
                        "mergeable": false,
                        "no_features": false
                    },
                    {
                        "spec": "/pa/terrain/ice/brushes/ice_cliff_01.json",
                        "weight": [
                            1,
                            1,
                            1,
                            1
                        ],
                        "proj": "BP_Bend",
                        "op": "BO_Add",
                        "transform": [
                            0.6634072065353394,
                            0.5078929662704468,
                            0.5494866967201233,
                            328.3890380859375,
                            -0.22858795523643494,
                            0.8368108868598938,
                            -0.49748876690864563,
                            -297.3135681152344,
                            -0.7124874591827393,
                            0.20443159341812134,
                            0.6712445616722107,
                            401.155029296875
                        ],
                        "scale": [
                            1,
                            1,
                            1
                        ],
                        "rotation": 5.826831340789795,
                        "position": [
                            328.3890380859375,
                            -297.3135986328125,
                            401.155029296875
                        ],
                        "height": 597.6287231445312,
                        "weightHard": false,
                        "weightScale": [
                            1,
                            1,
                            1
                        ],
                        "mirrored": false,
                        "twinId": 0,
                        "flooded": false,
                        "pathable": false,
                        "mergeable": false,
                        "no_features": false
                    },
                    {
                        "spec": "/pa/terrain/ice/brushes/ice_cliff_04.json",
                        "weight": [
                            1,
                            1,
                            1,
                            1
                        ],
                        "proj": "BP_Bend",
                        "op": "BO_Add",
                        "transform": [
                            0.8110546469688416,
                            0.09993467479944229,
                            0.576370894908905,
                            342.1241455078125,
                            0.10315927863121033,
                            0.9454226493835449,
                            -0.30908626317977905,
                            -183.46844482421875,
                            -0.5758025050163269,
                            0.3101438879966736,
                            0.7564802169799805,
                            449.0340270996094
                        ],
                        "scale": [
                            1,
                            1,
                            1
                        ],
                        "rotation": 0.0018358335364609957,
                        "position": [
                            342.1241149902344,
                            -183.46841430664062,
                            449.0340270996094
                        ],
                        "height": 593.5833129882812,
                        "weightHard": false,
                        "weightScale": [
                            1,
                            1,
                            1
                        ],
                        "mirrored": false,
                        "twinId": 0,
                        "flooded": false,
                        "pathable": false,
                        "mergeable": false,
                        "no_features": false
                    },
                    {
                        "spec": "/pa/terrain/ice/brushes/ice_cliff_02.json",
                        "weight": [
                            1,
                            1,
                            1,
                            1
                        ],
                        "proj": "BP_Bend",
                        "op": "BO_Add",
                        "transform": [
                            -0.14489465951919556,
                            0.9814677834510803,
                            0.12540505826473236,
                            75.92111206054688,
                            -0.6521495580673218,
                            0.0005862079560756683,
                            -0.7580901980400085,
                            -458.95318603515625,
                            -0.7441146373748779,
                            -0.19162607192993164,
                            0.6399788856506348,
                            387.44775390625
                        ],
                        "scale": [
                            1,
                            1,
                            1
                        ],
                        "rotation": 4.62428092956543,
                        "position": [
                            75.92111206054688,
                            -458.9531555175781,
                            387.44781494140625
                        ],
                        "height": 605.4071044921875,
                        "weightHard": false,
                        "weightScale": [
                            1,
                            1,
                            1
                        ],
                        "mirrored": false,
                        "twinId": 0,
                        "flooded": false,
                        "pathable": false,
                        "mergeable": false,
                        "no_features": false
                    },
                    {
                        "spec": "/pa/terrain/ice/brushes/ice_cliff_04.json",
                        "weight": [
                            1,
                            1,
                            1,
                            1
                        ],
                        "proj": "BP_Bend",
                        "op": "BO_Add",
                        "transform": [
                            0.7777285575866699,
                            -0.48251980543136597,
                            0.40288078784942627,
                            239.2992401123047,
                            0.62848961353302,
                            0.6089128851890564,
                            -0.48396894335746765,
                            -287.46319580078125,
                            -0.011794716119766235,
                            0.62960284948349,
                            0.7768276333808899,
                            461.4125671386719
                        ],
                        "scale": [
                            1,
                            1,
                            1
                        ],
                        "rotation": 0.6754863858222961,
                        "position": [
                            239.29920959472656,
                            -287.46319580078125,
                            461.41259765625
                        ],
                        "height": 593.9703369140625,
                        "weightHard": false,
                        "weightScale": [
                            1,
                            1,
                            1
                        ],
                        "mirrored": false,
                        "twinId": 0,
                        "flooded": false,
                        "pathable": false,
                        "mergeable": false,
                        "no_features": false
                    },
                    {
                        "spec": "/pa/terrain/ice/brushes/ice_cliff_04.json",
                        "weight": [
                            1,
                            1,
                            1,
                            1
                        ],
                        "proj": "BP_Bend",
                        "op": "BO_Add",
                        "transform": [
                            0.6332756876945496,
                            0.3802849352359772,
                            -0.6740514039993286,
                            -406.408447265625,
                            -0.44361311197280884,
                            0.8920353055000305,
                            0.08648917824029922,
                            52.14725875854492,
                            0.6341682076454163,
                            0.24424657225608826,
                            0.7336036562919617,
                            442.31451416015625
                        ],
                        "scale": [
                            1,
                            1,
                            1
                        ],
                        "rotation": 5.787935256958008,
                        "position": [
                            -406.408447265625,
                            52.14725875854492,
                            442.3144836425781
                        ],
                        "height": 602.9338989257812,
                        "weightHard": false,
                        "weightScale": [
                            1,
                            1,
                            1
                        ],
                        "mirrored": false,
                        "twinId": 0,
                        "flooded": false,
                        "pathable": false,
                        "mergeable": false,
                        "no_features": false
                    },
                    {
                        "spec": "/pa/terrain/ice/brushes/ice_cliff_03.json",
                        "weight": [
                            1,
                            1,
                            1,
                            1
                        ],
                        "proj": "BP_Bend",
                        "op": "BO_Add",
                        "transform": [
                            0.040192484855651855,
                            -0.9938855171203613,
                            -0.1028408631682396,
                            -60.85030746459961,
                            0.9554260969161987,
                            0.008100167848169804,
                            0.29511913657188416,
                            174.62017822265625,
                            -0.29248160123825073,
                            -0.11011841893196106,
                            0.9499096870422363,
                            562.0557250976562
                        ],
                        "scale": [
                            1,
