{
    "name": "Dust",
	"creator":"flubb",
	"version":"1.0",
	"date":"26/2/17",
	"description":"Lots of metal at the equator and also a short distance between the bases with a lot of choke points.",
    "planets": [
        {
            "name": "Not Duat!",
            "mass": 10000,
            "position_x": 25000,
            "position_y": 0,
            "velocity_x": -0.000006181723165354924,
            "velocity_y": 141.42135620117188,
            "required_thrust_to_move": 10,
            "starting_planet": true,
            "respawn": false,
            "start_destroyed": false,
            "min_spawn_delay": 0,
            "max_spawn_delay": 0,
            "planet": {
                "seed": 1114061824,
                "radius": 500,
                "heightRange": 0,
                "waterHeight": 34,
                "waterDepth": 0,
                "temperature": 100,
                "metalDensity": 0,
                "metalClusters": 0,
                "metalSpotLimit": -1,
                "biomeScale": 75.00000006869588,
                "biome": "desert",
                "symmetryType": "terrain",
                "symmetricalMetal": false,
                "symmetricalStarts": true,
                "numArmies": 2,
                "landingZonesPerArmy": 0,
                "landingZoneSize": 150
            },
            "planetCSG": [
                {
                    "weight": [
                        0,
                        0,
                        0,
                        0
                    ],
                    "spec": "/pa/terrain/desert/brushes/desert_plateau_01.json",
                    "proj": "BP_Bend",
                    "transform": [
                        0.375918984413147,
                        -0.8757092952728271,
                        -0.30301475524902344,
                        -151.4508514404297,
                        -0.8757092952728271,
                        -0.22879362106323242,
                        -0.425189733505249,
                        -212.5155487060547,
                        0.30301475524902344,
                        0.425189733505249,
                        -0.8528746366500854,
                        -426.2781982421875
                    ],
                    "op": "BO_Add",
                    "rotation": 0,
                    "scale": [
                        1,
                        1,
                        1
                    ],
                    "height": 499.8134460449219,
                    "position": [
                        -151.450927734375,
                        -212.51565551757812,
                        -426.2783203125
                    ],
                    "weightHard": false,
                    "weightScale": [
                        1,
                        1,
                        1
                    ],
                    "mirrored": false,
                    "twinId": 0,
                    "flooded": false,
                    "pathable": false,
                    "mergeable": false,
                    "no_features": false
                },
                {
                    "weight": [
                        0,
                        0,
                        0,
                        0
                    ],
                    "spec": "/pa/terrain/desert/brushes/desert_plateau_01.json",
                    "proj": "BP_Bend",
                    "transform": [
                        0.375918984413147,
                        -0.8757092952728271,
                        -0.30301475524902344,
                        -151.4508514404297,
                        -0.8757092952728271,
                        -0.22879362106323242,
                        -0.425189733505249,
                        -212.51553344726562,
                        -0.30301475524902344,
                        -0.425189733505249,
                        0.8528746366500854,
                        426.2781677246094
                    ],
                    "op": "BO_Add",
                    "rotation": 0,
                    "scale": [
                        1,
                        1,
                        1
                    ],
                    "height": 499.8134460449219,
                    "position": [
                        -151.450927734375,
                        -212.51565551757812,
                        -426.2783203125
                    ],
                    "weightHard": false,
                    "weightScale": [
                        1,
                        1,
                        1
                    ],
                    "mirrored": true,
                    "twinId": 0,
                    "flooded": false,
                    "pathable": false,
                    "mergeable": false,
                    "no_features": false
                },
                {
                    "weight": [
                        0,
                        0,
                        0,
                        0
                    ],
                    "spec": "/pa/terrain/desert/brushes/desert_metal_t2_medium_wide_ramp.json",
                    "proj": "BP_Bend",
                    "transform": [
                        0.030539095401763916,
                        0.981992244720459,
                        0.186436727643013,
                        93.03662109375,
                        0.9581272006034851,
                        0.02436971664428711,
                        -0.2853041887283325,
                        -142.3739776611328,
                        -0.2847099006175995,
                        0.187343031167984,
                        -0.9401291608810425,
                        -469.14813232421875
                    ],
                    "op": "BO_Add",
                    "rotation": -0.40999990701675415,
                    "scale": [
                        1,
                        1,
                        1
                    ],
                    "height": 499.0251770019531,
                    "position": [
                        93.03673553466797,
                        -142.3741455078125,
                        -469.1480712890625
                    ],
                    "weightHard": false,
                    "weightScale": [
                        1,
                        1,
                        1
                    ],
                    "mirrored": false,
                    "twinId": 0,
                    "flooded": false,
                    "pathable": true,
                    "mergeable": false,
                    "no_features": true
                },
                {
                    "weight": [
                        0,
                        0,
                        0,
                        0
                    ],
                    "spec": "/pa/terrain/desert/brushes/desert_metal_t2_medium_wide_ramp.json",
                    "proj": "BP_Bend",
                    "transform": [
                        0.030539095401763916,
                        0.981992244720459,
                        0.186436727643013,
                        93.03662872314453,
                        0.9581272006034851,
                        0.02436971664428711,
                        -0.2853041887283325,
                        -142.37399291992188,
                        0.2847099006175995,
                        -0.187343031167984,
                        0.9401291608810425,
                        469.1481628417969
                    ],
                    "op": "BO_Add",
                    "rotation": -0.40999990701675415,
                    "scale": [
                        1,
                        1,
                        1
                    ],
                    "height": 499.0251770019531,
                    "position": [
                        93.03673553466797,
                        -142.3741455078125,
                        -469.1480712890625
                    ],
                    "weightHard": false,
                    "weightScale": [
                        1,
                        1,
                        1
                    ],
                    "mirrored": true,
                    "twinId": 0,
                    "flooded": false,
                    "pathable": true,
                    "mergeable": false,
                    "no_features": true
                },
                {
                    "weight": [
                        0,
                        0,
                        0,
                        0
                    ],
                    "spec": "/pa/terrain/desert/brushes/desert_crack_08.json",
                    "proj": "BP_Bend",
                    "transform": [
                        0.5330615639686584,
                        0.01372334361076355,
                        -0.35391727089881897,
                        -277.654296875,
                        -0.25168555974960327,
                        0.46463537216186523,
                        -0.36106616258621216,
                        -283.26275634765625,
                        0.2491990178823471,
                        0.4399160146713257,
                        0.3923954665660858,
                        307.84112548828125
                    ],
                    "op": "BO_Subtract",
                    "rotation": -0.2600000202655792,
                    "scale": [
                        0.6400003433227539,
                        0.6400003433227539,
                        0.6400003433227539
                    ],
                    "height": 502.09149169921875,
                    "position": [
                        -277.6543273925781,
                        -283.26275634765625,
                        307.84112548828125
                    ],
                    "weightHard": false,
                    "weightScale": [
                        1,
                        1,
                        1
                    ],
                    "mirrored": false,
                    "twinId": 0,
                    "flooded": false,
                    "pathable": false,
                    "mergeable": false,
                    "no_features": true
                },
                {
                    "weight": [
                        0,
                        0,
                        0,
                        0
                    ],
                    "spec": "/pa/terrain/desert/brushes/desert_crack_08.json",
                    "proj": "BP_Bend",
                    "transform": [
                        0.5330615639686584,
                        0.01372334361076355,
                        -0.35391727089881897,
                        -277.654296875,
                        -0.25168555974960327,
                        0.46463537216186523,
                        -0.36106616258621216,
                        -283.26275634765625,
                        -0.2491990178823471,
                        -0.4399160146713257,
                        -0.3923954665660858,
                        -307.84112548828125
                    ],
                    "op": "BO_Subtract",
                    "rotation": -0.2600000202655792,
                    "scale": [
                        0.6400003433227539,
                        0.6400003433227539,
                        0.6400003433227539
                    ],
                    "height": 502.09149169921875,
                    "position": [
                        -277.6543273925781,
                        -283.26275634765625,
                        307.84112548828125
                    ],
                    "weightHard": false,
                    "weightScale": [
                        1,
                        1,
                        1
                    ],
                    "mirrored": true,
                    "twinId": 0,
                    "flooded": false,
                    "pathable": false,
                    "mergeable": false,
                    "no_features": true
                },
                {
                    "weight": [
                        0,
                        0,
                        0,
                        0
                    ],
                    "spec": "/pa/terrain/desert/brushes/desert_crack_08.json",
                    "proj": "BP_Bend",
                    "transform": [
                        -0.24581468105316162,
                        -0.26973187923431396,
                        -0.4378587305545807,
                        -384.9336242675781,
                        -0.41258886456489563,
                        0.39314043521881104,
                        -0.010556147433817387,
                        -9.280198097229004,
                        0.30699506402015686,
                        0.3123871386051178,
                        -0.3647858500480652,
                        -320.6932373046875
                    ],
                    "op": "BO_Subtract",
                    "rotation": -0.7699995636940002,
                    "scale": [
                        0.570000410079956,
                        0.570000410079956,
                        0.570000410079956
                    ],
                    "height": 501.10296630859375,
                    "position": [
                        -384.93359375,
                        -9.280197143554688,
                        -320.69329833984375
                    ],
                    "weightHard": false,
                    "weightScale": [
                        1,
                        1,
                        1
                    ],
                    "mirrored": false,
                    "twinId": 0,
                    "flooded": false,
                    "pathable": false,
                    "mergeable": false,
                    "no_features": true
                },
                {
                    "weight": [
                        0,
                        0,
                        0,
                        0
                    ],
                    "spec": "/pa/terrain/desert/brushes/desert_crack_08.json",
                    "proj": "BP_Bend",
                    "transform": [
                        -0.24581468105316162,
                        -0.26973187923431396,
                        -0.4378587305545807,
                        -384.9336242675781,
                        -0.41258886456489563,
                        0.39314043521881104,
                        -0.010556147433817387,
                        -9.280198097229004,
                        -0.30699506402015686,
                        -0.3123871386051178,
                        0.3647858500480652,
                        320.6932373046875
                    ],
                    "op": "BO_Subtract",
                    "rotation": -0.7699995636940002,
                    "scale": [
                        0.570000410079956,
                        0.570000410079956,
                        0.570000410079956
                    ],
                    "height": 501.10296630859375,
                    "position": [
                        -384.93359375,
                        -9.280197143554688,
                        -320.69329833984375
                    ],
                    "weightHard": false,
                    "weightScale": [
                        1,
                        1,
                        1
                    ],
                    "mirrored": true,
                    "twinId": 0,
                    "flooded": false,
                    "pathable": false,
                    "mergeable": false,
                    "no_features": true
                },
                {
                    "weight": [
                        0,
                        0,
                        0,
                        0
                    ],
                    "spec": "/pa/terrain/desert/brushes/desert_t3_small_2_ramp.json",
                    "proj": "BP_Bend",
                    "transform": [
                        0.234646275639534,
                        -0.48931387066841125,
                        -0.8399481177330017,
                        -421.2408752441406,
                        -0.9457342624664307,
                        0.08489623665809631,
                        -0.31365489959716797,
                        -157.30050659179688,
                        0.22478410601615906,
                        0.867965579032898,
                        -0.4428403377532959,
                        -222.0880584716797
                    ],
                    "op": "BO_Add",
                    "rotation": -0.9599993824958801,
                    "scale": [
                        1,
                        1,
                        1
                    ],
                    "height": 501.5082092285156,
                    "position": [
                        -421.24090576171875,
                        -157.30052185058594,
                        -222.08807373046875
                    ],
                    "weightHard": false,
                    "weightScale": [
                        1,
                        1,
                        1
                    ],
                    "mirrored": false,
                    "twinId": 0,
                    "flooded": false,
                    "pathable": true,
                    "mergeable": false,
                    "no_features": false
                },
                {
                    "weight": [
                        0,
                        0,
                        0,
                        0
                    ],
                    "spec": "/pa/terrain/desert/brushes/desert_t3_small_2_ramp.json",
                    "proj": "BP_Bend",
                    "transform": [
                        0.234646275639534,
                        -0.48931387066841125,
                        -0.8399481177330017,
                        -421.2408752441406,
                        -0.9457342624664307,
                        0.08489623665809631,
                        -0.31365489959716797,
                        -157.30052185058594,
                        -0.22478410601615906,
                        -0.867965579032898,
                        0.4428403377532959,
                        222.08807373046875
                    ],
                    "op": "BO_Add",
                    "rotation": -0.9599993824958801,
                    "scale": [
                        1,
                        1,
                        1
                    ],
                    "height": 501.5082092285156,
                    "position": [
                        -421.24090576171875,
                        -157.30052185058594,
                        -222.08807373046875
                    ],
                    "weightHard": false,
                    "weightScale": [
                        1,
                        1,
                        1
                    ],
                    "mirrored": true,
                    "twinId": 0,
                    "flooded": false,
                    "pathable": true,
                    "mergeable": false,
                    "no_features": false
                },
                {
                    "weight": [
                        0,
                        0,
                        0,
                        0
                    ],
                    "spec": "/pa/terrain/desert/brushes/desert_plateau_11.json",
                    "proj": "BP_Bend",
                    "transform": [
                        -0.28115272521972656,
                        -0.2776583433151245,
                        -0.918617844581604,
                        -461.18414306640625,
                        -0.2776583433151245,
                        0.9398244023323059,
                        -0.19908782839775085,
                        -99.95032501220703,
                        0.918617844581604,
                        0.19908782839775085,
                        -0.34132838249206543,
                        -171.3609619140625
                    ],
                    "op": "BO_Add",
                    "rotation": 0,
                    "scale": [
                        1,
                        1,
                        1
                    ],
                    "height": 502.0413513183594,
                    "position": [
                        -461.1842041015625,
                        -99.9503402709961,
                        -171.36099243164062
                    ],
                    "weightHard": false,
                    "weightScale": [
                        1,
                        1,
                        1
                    ],
                    "mirrored": false,
                    "twinId": 0,
                    "flooded": false,
                    "pathable": false,
                    "mergeable": false,
                    "no_features": false
                },
                {
                    "weight": [
                        0,
                        0,
                        0,
                        0
                    ],
                    "spec": "/pa/terrain/desert/brushes/desert_plateau_11.json",
                    "proj": "BP_Bend",
                    "transform": [
                        -0.28115272521972656,
                        -0.2776583433151245,
                        -0.918617844581604,
                        -461.18414306640625,
                        -0.2776583433151245,
                        0.9398244023323059,
                        -0.19908782839775085,
                        -99.95032501220703,
                        -0.918617844581604,
                        -0.19908782839775085,
                        0.34132838249206543,
                        171.3609619140625
                    ],
                    "op": "BO_Add",
                    "rotation": 0,
                    "scale": [
                        1,
                        1,
                        1
                    ],
                    "height": 502.0413513183594,
                    "position": [
                        -461.1842041015625,
                        -99.9503402709961,
                        -171.36099243164062
                    ],
                    "weightHard": false,
                    "weightScale": [
                        1,
                        1,
                        1
                    ],
                    "mirrored": true,
                    "twinId": 0,
                    "flooded": false,
                    "pathable": false,
                    "mergeable": false,
                    "no_features": false
                },
                {
                    "weight": [
                        0,
                        0,
                        0,
                        0
                    ],
                    "spec": "/pa/terrain/desert/brushes/desert_plateau_11.json",
                    "proj": "BP_Bend",
                    "transform": [
                        -0.02698516845703125,
                        -0.5363883972167969,
                        -0.8435396552085876,
                        -422.5268249511719,
                        -0.5363883972167969,
                        0.7198474407196045,
                        -0.44057583808898926,
                        -220.68328857421875,
                        0.8435396552085876,
                        0.44057583808898926,
                        -0.30713772773742676,
                        -153.844482421875
                    ],
                    "op": "BO_Add",
                    "rotation": 0,
                    "scale": [
                        1,
                        1,
                        1
                    ],
                    "height": 500.89739990234375,
                    "position": [
                        -422.52685546875,
                        -220.68331909179688,
                        -153.84451293945312
                    ],
                    "weightHard": false,
                    "weightScale": [
                        1,
                        1,
                        1
                    ],
                    "mirrored": false,
                    "twinId": 0,
                    "flooded": false,
                    "pathable": false,
                    "mergeable": false,
                    "no_features": false
                },
                {
                    "weight": [
                        0,
                        0,
                        0,
                        0
                    ],
                    "spec": "/pa/terrain/desert/brushes/desert_plateau_11.json",
                    "proj": "BP_Bend",
                    "transform": [
                        -0.02698516845703125,
                        -0.5363883972167969,
                        -0.8435396552085876,
                        -422.5268249511719,
                        -0.5363883972167969,
                        0.7198474407196045,
                        -0.44057583808898926,
                        -220.68328857421875,
                        -0.8435396552085876,
                        -0.44057583808898926,
                        0.30713772773742676,
                        153.844482421875
                    ],
                    "op": "BO_Add",
                    "rotation": 0,
                    "scale": [
                        1,
                        1,
                        1
                    ],
                    "height": 500.89739990234375,
                    "position": [
                        -422.52685546875,
                        -220.68331909179688,
                        -153.84451293945312
                    ],
                    "weightHard": false,
                    "weightScale": [
                        1,
                        1,
                        1
                    ],
                    "mirrored": true,
                    "twinId": 0,
                    "flooded": false,
                    "pathable": false,
                    "mergeable": false,
                    "no_features": false
                },
                {
                    "weight": [
                        0,
                        0,
                        0,
                        0
                    ],
                    "spec": "/pa/terrain/desert/brushes/desert_plateau_11.json",
                    "proj": "BP_Bend",
                    "transform": [
                        0.40092676877975464,
                        0.6434681415557861,
                        0.6520785689353943,
                        326.7724914550781,
                        0.6434681415557861,
                        0.30884701013565063,
                        -0.7004014849662781,
                        -350.98828125,
                        -0.6520785689353943,
                        0.7004014849662781,
                        -0.2902262210845947,
                        -145.439453125
                    ],
                    "op": "BO_Add",
                    "rotation": 0,
                    "scale": [
                        1,
                        1,
                        1
                    ],
                    "height": 501.1244201660156,
                    "position": [
                        326.7724914550781,
                        -350.98828125,
                        -145.43946838378906
                    ],
                    "weightHard": false,
                    "weightScale": [
                        1,
                        1,
                        1
                    ],
                    "mirrored": false,
                    "twinId": 0,
                    "flooded": false,
                    "pathable": false,
                    "mergeable": false,
                    "no_features": false
                },
                {
                    "weight": [
                        0,
                        0,
                        0,
                        0
                    ],
                    "spec": "/pa/terrain/desert/brushes/desert_plateau_11.json",
                    "proj": "BP_Bend",
                    "transform": [
                        0.40092676877975464,
                        0.6434681415557861,
                        0.6520785689353943,
                        326.7724914550781,
                        0.6434681415557861,
                        0.30884701013565063,
                        -0.7004014849662781,
                        -350.98828125,
                        0.6520785689353943,
                        -0.7004014849662781,
                        0.2902262210845947,
                        145.43946838378906
                    ],
                    "op": "BO_Add",
                    "rotation": 0,
                    "scale": [
                        1,
                        1,
                        1
                    ],
                    "height": 501.1244201660156,
                    "position": [
                        326.7724914550781,
                        -350.98828125,
                        -145.43946838378906
                    ],
                    "weightHard": false,
                    "weightScale": [
                        1,
                        1,
                        1
                    ],
                    "mirrored": true,
                    "twinId": 0,
                    "flooded": false,
                    "pathable": false,
                    "mergeable": false,
                    "no_features": false
                },
                {
                    "weight": [
                        0,
                        0,
                        0,
                        0
                    ],
                    "spec": "/pa/terrain/desert/brushes/desert_plateau_09.json",
                    "proj": "BP_Bend",
                    "transform": [
                        0.9973375201225281,
                        0.056702543050050735,
                        0.045855190604925156,
                        22.84693717956543,
                        0.056702543050050735,
                        -0.207586407661438,
                        -0.9765718579292297,
                        -486.56817626953125,
                        -0.045855190604925156,
                        0.9765718579292297,
                        -0.2102489471435547,
                        -104.75465393066406
                    ],
                    "op": "BO_Add",
                    "rotation": 0,
                    "scale": [
                        1,
                        1,
                        1
                    ],
                    "height": 498.24102783203125,
                    "position": [
                        22.846939086914062,
                        -486.56817626953125,
                        -104.754638671875
                    ],
                    "weightHard": false,
                    "weightScale": [
                        1,
                        1,
                        1
                    ],
                    "mirrored": false,
                    "twinId": 0,
                    "flooded": false,
                    "pathable": false,
                    "mergeable": false,
                    "no_features": false
                },
                {
                    "weight": [
                        0,
                        0,
                        0,
                        0
                    ],
                    "spec": "/pa/terrain/desert/brushes/desert_plateau_09.json",
                    "proj": "BP_Bend",
                    "transform": [
                        0.9973375201225281,
                        0.056702543050050735,
                        0.045855190604925156,
                        22.84693717956543,
                        0.056702543050050735,
                        -0.207586407661438,
                        -0.9765718579292297,
                        -486.56817626953125,
                        0.045855190604925156,
                        -0.9765718579292297,
                        0.2102489471435547,
                        104.75465393066406
                    ],
                    "op": "BO_Add",
                    "rotation": 0,
                    "scale": [
                        1,
                        1,
                        1
                    ],
                    "height": 498.24102783203125,
                    "position": [
                        22.846939086914062,
                        -486.56817626953125,
                        -104.754638671875
                    ],
                    "weightHard": false,
                    "weightScale": [
                        1,
                        1,
                        1
                    ],
                    "mirrored": true,
                    "twinId": 0,
                    "flooded": false,
                    "pathable": false,
                    "mergeable": false,
                    "no_features": false
                },
                {
                    "weight": [
                        0,
                        0,
                        0,
                        0
                    ],
                    "spec": "/pa/terrain/desert/brushes/desert_plateau_11.json",
                    "proj": "BP_Bend",
                    "transform": [
                        0.45628511905670166,
                        -0.36153849959373474,
                        -0.8130766153335571,
                        -407.2037353515625,
                        -0.36153849959373474,
                        0.7595981359481812,
                        -0.5406482815742493,
                        -270.7666015625,
                        0.8130766153335571,
                        0.5406482815742493,
                        0.2158832550048828,
                        108.11830139160156
                    ],
                    "op": "BO_Add",
                    "rotation": 0,
                    "scale": [
                        1,
                        1,
                        1
                    ],
                    "height": 500.8183898925781,
                    "position": [
                        -407.20379638671875,
                        -270.7666320800781,
                        108.11824035644531
                    ],
                    "weightHard": false,
                    "weightScale": [
                        1,
                        1,
                        1
                    ],
                    "mirrored": false,
                    "twinId": 0,
                    "flooded": false,
                    "pathable": false,
                    "mergeable": false,
                    "no_features": false
                },
                {
                    "weight": [
                        0,
                        0,
                        0,
                        0
                    ],
                    "spec": "/pa/terrain/desert/brushes/desert_plateau_11.json",
                    "proj": "BP_Bend",
                    "transform": [
                        0.45628511905670166,
                        -0.36153849959373474,
                        -0.8130766153335571,
                        -407.2037353515625,
                        -0.36153849959373474,
                        0.7595981359481812,
                        -0.5406482815742493,
                        -270.7666015625,
                        -0.8130766153335571,
                        -0.5406482815742493,
                        -0.2158832550048828,
                        -108.1183090209961
                    ],
                    "op": "BO_Add",
                    "rotation": 0,
                    "scale": [
                        1,
                        1,
                        1
                    ],
                    "height": 500.8183898925781,
                    "position": [
                        -407.20379638671875,
                        -270.7666320800781,
                        108.11824035644531
                    ],
                    "weightHard": false,
                    "weightScale": [
                        1,
                        1,
                        1
                    ],
                    "mirrored": true,
                    "twinId": 0,
                    "flooded": false,
                    "pathable": false,
                    "mergeable": false,
                    "no_features": false
                },
                {
                    "weight": [
                        0,
                        0,
                        0,
                        0
                    ],
                    "spec": "/pa/terrain/desert/brushes/desert_plateau_11.json",
                    "proj": "BP_Bend",
                    "transform": [
                        0.4627365469932556,
                        -0.4302661418914795,
                        -0.7750780582427979,
                        -388.1213684082031,
                        -0.4302661418914795,
                        0.6554224491119385,
                        -0.6207193732261658,
                        -310.8260498046875,
                        0.7750780582427979,
                        0.6207193732261658,
                        0.11815893650054932,
                        59.168243408203125
                    ],
                    "op": "BO_Add",
                    "rotation": 0,
                    "scale": [
                        1,
                        1,
                        1
                    ],
                    "height": 500.7513122558594,
                    "position": [
                        -388.121337890625,
                        -310.8260192871094,
                        59.16828918457031
                    ],
                    "weightHard": false,
                    "weightScale": [
                        1,
                        1,
                        1
                    ],
                    "mirrored": false,
                    "twinId": 0,
                    "flooded": false,
                    "pathable": false,
                    "mergeable": false,
                    "no_features": false
                },
                {
                    "weight": [
                        0,
                        0,
                        0,
                        0
                    ],
                    "spec": "/pa/terrain/desert/brushes/desert_plateau_11.json",
                    "proj": "BP_Bend",
                    "transform": [
                        0.4627365469932556,
                        -0.4302661418914795,
                        -0.7750780582427979,
                        -388.1213684082031,
                        -0.4302661418914795,
                        0.6554224491119385,
                        -0.6207193732261658,
                        -310.8260498046875,
                        -0.7750780582427979,
                        -0.6207193732261658,
                        -0.11815893650054932,
                        -59.168243408203125
                    ],
                    "op": "BO_Add",
                    "rotation": 0,
                    "scale": [
                        1,
                        1,
                        1
                    ],
                    "height": 500.7513122558594,
                    "position": [
                        -388.121337890625,
