{
    "name": "Frozen",
    "creator": "Pwn4two",
    "version": "1.0",
    "date": "2015/11/23",
    "description": "A map designed for 1v1 play or 2v2 shared.",
    "planets": [
        {
            "name": "Critsylvania",
            "mass": 10000,
            "position_x": 50300,
            "position_y": 0,
            "velocity_x": -0.000004358083970146254,
            "velocity_y": 99.70133972167969,
            "required_thrust_to_move": 0,
            "starting_planet": true,
            "respawn": false,
            "start_destroyed": false,
            "min_spawn_delay": 0,
            "max_spawn_delay": 0,
            "planet": {
                "seed": 1621900800,
                "radius": 500,
                "heightRange": 35,
                "waterHeight": 40,
                "waterDepth": 100,
                "temperature": 0,
                "metalDensity": 0,
                "metalClusters": 0,
                "metalSpotLimit": -1,
                "biomeScale": 50,
                "biome": "earth",
                "symmetryType": "terrain and CSG",
                "symmetricalMetal": true,
                "symmetricalStarts": true,
                "numArmies": 2,
                "landingZonesPerArmy": 0,
                "landingZoneSize": 0
            },
            "planetCSG": [
                {
                    "weight": [
                        1,
                        1,
                        1,
                        1
                    ],
                    "spec": "/pa/terrain/ice/brushes/ice_cliff_11.json",
                    "proj": "BP_Bend",
                    "transform": [
                        0.9160191416740417,
                        0.06099293380975723,
                        -0.39647048711776733,
                        -200.27696228027344,
                        0.2625735402107239,
                        0.6560344099998474,
                        0.7075831890106201,
                        357.4354553222656,
                        0.3032558858394623,
                        -0.7522624135017395,
                        0.5849249958992004,
                        295.4747009277344
                    ],
                    "op": "BO_Add",
                    "rotation": 0.12753163278102875,
                    "scale": [
                        1,
                        1,
                        1
                    ],
                    "height": 505.14971923828125,
                    "position": [
                        -200.27694702148438,
                        357.4354248046875,
                        295.4747009277344
                    ],
                    "weightHard": false,
                    "weightScale": [
                        1,
                        1,
                        1
                    ],
                    "mirrored": false,
                    "twinId": 1,
                    "flooded": false,
                    "pathable": false,
                    "mergeable": false,
                    "no_features": false
                },
                {
                    "weight": [
                        1,
                        1,
                        1,
                        1
                    ],
                    "spec": "/pa/terrain/ice/brushes/ice_cliff_09.json",
                    "proj": "BP_Bend",
                    "transform": [
                        -0.5209355354309082,
                        0.7593587040901184,
                        -0.3898724317550659,
                        -194.73829650878906,
                        -0.489482045173645,
                        -0.6399292945861816,
                        -0.5923661589622498,
                        -295.88238525390625,
                        -0.6993092894554138,
                        -0.11774903535842896,
                        0.7050543427467346,
                        352.16925048828125
                    ],
                    "op": "BO_Add",
                    "rotation": 3.9634835720062256,
                    "scale": [
                        1,
                        1,
                        1
                    ],
                    "height": 499.4923095703125,
                    "position": [
                        -194.73831176757812,
                        -295.8824157714844,
                        352.1692199707031
                    ],
                    "weightHard": false,
                    "weightScale": [
                        1,
                        1,
                        1
                    ],
                    "mirrored": false,
                    "twinId": 2,
                    "flooded": false,
                    "pathable": false,
                    "mergeable": false,
                    "no_features": false
                },
                {
                    "weight": [
                        1,
                        1,
                        1,
                        1
                    ],
                    "spec": "/pa/terrain/ice/brushes/ice_cliff_09.json",
                    "proj": "BP_Bend",
                    "transform": [
                        0.8763846158981323,
                        -0.365873247385025,
                        0.3131880462169647,
                        156.53793334960938,
                        0.435889333486557,
                        0.32601621747016907,
                        -0.8388766646385193,
                        -419.2880859375,
                        0.20481815934181213,
                        0.8716939687728882,
                        0.44519585371017456,
                        222.5181884765625
                    ],
                    "op": "BO_Add",
                    "rotation": 0.5880959033966064,
                    "scale": [
                        1,
                        1,
                        1
                    ],
                    "height": 499.8208923339844,
                    "position": [
                        156.53790283203125,
                        -419.28802490234375,
                        222.51820373535156
                    ],
                    "weightHard": false,
                    "weightScale": [
                        1,
                        1,
                        1
                    ],
                    "mirrored": false,
                    "twinId": 3,
                    "flooded": false,
                    "pathable": false,
                    "mergeable": false,
                    "no_features": false
                },
                {
                    "weight": [
                        1,
                        1,
                        1,
                        1
                    ],
                    "spec": "/pa/terrain/ice/brushes/ice_cliff_09.json",
                    "proj": "BP_Bend",
                    "transform": [
                        -0.128059983253479,
                        0.34902459383010864,
                        0.928322434425354,
                        459.6363830566406,
                        -0.38480648398399353,
                        0.8452135920524597,
                        -0.37086108326911926,
                        -183.62289428710938,
                        -0.9140704274177551,
                        -0.40471696853637695,
                        0.02606886625289917,
                        12.907367706298828
                    ],
                    "op": "BO_Add",
                    "rotation": 5.486293792724609,
                    "scale": [
                        1,
                        1,
                        1
                    ],
                    "height": 495.12579345703125,
                    "position": [
                        459.6363830566406,
                        -183.62289428710938,
                        12.907392501831055
                    ],
                    "weightHard": false,
                    "weightScale": [
                        1,
                        1,
                        1
                    ],
                    "mirrored": false,
                    "twinId": 0,
                    "flooded": false,
                    "pathable": false,
                    "mergeable": false,
                    "no_features": false
                },
                {
                    "weight": [
                        1,
                        1,
                        1,
                        1
                    ],
                    "spec": "/pa/terrain/ice/brushes/ice_cliff_11.json",
                    "proj": "BP_Bend",
                    "transform": [
                        -0.9490970969200134,
                        -0.2973465025424957,
                        0.10392192751169205,
                        51.76335906982422,
                        0.2740514874458313,
                        -0.6168814301490784,
                        0.7378027439117432,
                        367.49847412109375,
                        -0.15527556836605072,
                        0.728726327419281,
                        0.6669687032699585,
                        332.21612548828125
                    ],
                    "op": "BO_Add",
                    "rotation": 2.7917215824127197,
                    "scale": [
                        1,
                        1,
                        1
                    ],
                    "height": 498.0985412597656,
                    "position": [
                        51.76336669921875,
                        367.49853515625,
                        332.21612548828125
                    ],
                    "weightHard": false,
                    "weightScale": [
                        1,
                        1,
                        1
                    ],
                    "mirrored": false,
                    "twinId": 4,
                    "flooded": false,
                    "pathable": false,
                    "mergeable": false,
                    "no_features": false
                },
                {
                    "weight": [
                        1,
                        1,
                        1,
                        1
                    ],
                    "spec": "/pa/terrain/ice/brushes/ice_cliff_09.json",
                    "proj": "BP_Bend",
                    "transform": [
                        0.09399615973234177,
                        0.4781743288040161,
                        -0.8732205629348755,
                        -433.7712707519531,
                        -0.8690637350082397,
                        -0.38848382234573364,
                        -0.3062819242477417,
                        -152.1451873779297,
                        -0.4856882095336914,
                        0.7876736521720886,
                        0.3790479898452759,
                        188.29164123535156
                    ],
                    "op": "BO_Add",
                    "rotation": 4.497187614440918,
                    "scale": [
                        1,
                        1,
                        1
                    ],
                    "height": 496.7488098144531,
                    "position": [
                        -433.77117919921875,
                        -152.14515686035156,
                        188.29164123535156
                    ],
                    "weightHard": false,
                    "weightScale": [
                        1,
                        1,
                        1
                    ],
                    "mirrored": false,
                    "twinId": 5,
                    "flooded": false,
                    "pathable": false,
                    "mergeable": false,
                    "no_features": false
                },
                {
                    "weight": [
                        1,
                        1,
                        1,
                        1
                    ],
                    "spec": "/pa/terrain/ice/brushes/ice_cliff_11.json",
                    "proj": "BP_Bend",
                    "transform": [
                        0.8059744834899902,
                        -0.18063998222351074,
                        -0.563714861869812,
                        -285.5869445800781,
                        -0.4993990659713745,
                        0.30378633737564087,
                        -0.8113658428192139,
                        -411.0509033203125,
                        0.3178139925003052,
                        0.935458779335022,
                        0.154632568359375,
                        78.33932495117188
                    ],
                    "op": "BO_Add",
                    "rotation": 6.003482818603516,
                    "scale": [
                        1,
                        1,
                        1
                    ],
                    "height": 506.615966796875,
                    "position": [
                        -285.5869140625,
                        -411.05084228515625,
                        78.33940124511719
                    ],
                    "weightHard": false,
                    "weightScale": [
                        1,
                        1,
                        1
                    ],
                    "mirrored": false,
                    "twinId": 6,
                    "flooded": false,
                    "pathable": false,
                    "mergeable": false,
                    "no_features": false
                },
                {
                    "weight": [
                        1,
                        1,
                        1,
                        1
                    ],
                    "spec": "/pa/terrain/ice/brushes/ice_cliff_09.json",
                    "proj": "BP_Bend",
                    "transform": [
                        0.6474471092224121,
                        0.12430594861507416,
                        -0.7519043684005737,
                        -375.8521728515625,
                        0.030536845326423645,
                        0.9815846085548401,
                        0.18857157230377197,
                        94.26070404052734,
                        0.7614982724189758,
                        -0.14505091309547424,
                        0.6317282319068909,
                        315.78009033203125
                    ],
                    "op": "BO_Add",
                    "rotation": 6.225687503814697,
                    "scale": [
                        1,
                        1,
                        1
                    ],
                    "height": 499.86700439453125,
                    "position": [
                        -375.8522033691406,
                        94.26070404052734,
                        315.7801208496094
                    ],
                    "weightHard": false,
                    "weightScale": [
                        1,
                        1,
                        1
                    ],
                    "mirrored": false,
                    "twinId": 8,
                    "flooded": false,
                    "pathable": false,
                    "mergeable": false,
                    "no_features": false
                },
                {
                    "weight": [
                        1,
                        1,
                        1,
                        1
                    ],
                    "spec": "/pa/terrain/ice/brushes/ice_cliff_10.json",
                    "proj": "BP_Bend",
                    "transform": [
                        0.19332408905029297,
                        0.48383867740631104,
                        0.8535373210906982,
                        422.35308837890625,
                        -0.7266957759857178,
                        0.6551056504249573,
                        -0.20676036179065704,
                        -102.31055450439453,
                        -0.6591957807540894,
                        -0.5802901983261108,
                        0.47825127840042114,
                        236.65151977539062
                    ],
                    "op": "BO_Add",
                    "rotation": 5.323699951171875,
                    "scale": [
                        1,
                        1,
                        1
                    ],
                    "height": 494.8267517089844,
                    "position": [
                        422.3530578613281,
                        -102.31053924560547,
                        236.65151977539062
                    ],
                    "weightHard": false,
                    "weightScale": [
                        1,
                        1,
                        1
                    ],
                    "mirrored": false,
                    "twinId": 9,
                    "flooded": false,
                    "pathable": false,
                    "mergeable": false,
                    "no_features": false
                },
                {
                    "weight": [
                        1,
                        1,
                        1,
                        1
                    ],
                    "spec": "/pa/terrain/ice/brushes/ice_cliff_09.json",
                    "proj": "BP_Bend",
                    "transform": [
                        -0.8763416409492493,
                        -0.4808846116065979,
                        0.0278458371758461,
                        14.044421195983887,
                        0.03657001256942749,
                        -0.12406255304813385,
                        -0.9916002154350281,
                        -500.1268615722656,
                        0.4802999198436737,
                        -0.8679621815681458,
                        0.12630712985992432,
                        63.70469284057617
                    ],
                    "op": "BO_Add",
                    "rotation": 2.6642439365386963,
                    "scale": [
                        1,
                        1,
                        1
                    ],
                    "height": 504.3634033203125,
                    "position": [
                        14.044422149658203,
                        -500.12689208984375,
                        63.704654693603516
                    ],
                    "weightHard": false,
                    "weightScale": [
                        1,
                        1,
                        1
                    ],
                    "mirrored": false,
                    "twinId": 10,
                    "flooded": false,
                    "pathable": false,
                    "mergeable": false,
                    "no_features": false
                },
                {
                    "weight": [
                        1,
                        1,
                        1,
                        1
                    ],
                    "spec": "/pa/terrain/ice/brushes/ice_cliff_11.json",
                    "proj": "BP_Bend",
                    "transform": [
                        0.43862056732177734,
                        -0.890101432800293,
                        -0.12382018566131592,
                        -62.13178253173828,
                        0.36763110756874084,
                        0.3034456968307495,
                        -0.879072368144989,
                        -441.1100769042969,
                        0.8200362324714661,
                        0.3400590717792511,
                        0.46032649278640747,
                        230.98741149902344
                    ],
                    "op": "BO_Add",
                    "rotation": 1.037759780883789,
                    "scale": [
                        1,
                        1,
                        1
                    ],
                    "height": 501.7904052734375,
                    "position": [
                        -62.131771087646484,
                        -441.1100158691406,
                        230.98744201660156
                    ],
                    "weightHard": false,
                    "weightScale": [
                        1,
                        1,
                        1
                    ],
                    "mirrored": false,
                    "twinId": 11,
                    "flooded": false,
                    "pathable": false,
                    "mergeable": false,
                    "no_features": false
                },
                {
                    "weight": [
                        1,
                        1,
                        1,
                        1
                    ],
                    "spec": "/pa/terrain/ice/brushes/ice_cliff_06.json",
                    "proj": "BP_Bend",
                    "transform": [
                        0.763520359992981,
                        -0.5685315728187561,
                        0.30628180503845215,
                        152.3455810546875,
                        0.45002859830856323,
                        0.8085770010948181,
                        0.37904804944992065,
                        188.5397491455078,
                        -0.4631531834602356,
                        -0.15157531201839447,
                        0.8732204437255859,
                        434.34271240234375
                    ],
                    "op": "BO_Add",
                    "rotation": 0.5748967528343201,
                    "scale": [
                        1,
                        1,
                        1
                    ],
                    "height": 497.4032897949219,
                    "position": [
                        152.3455810546875,
                        188.5397491455078,
                        434.3427429199219
                    ],
                    "weightHard": false,
                    "weightScale": [
                        1,
                        1,
                        1
                    ],
                    "mirrored": false,
                    "twinId": 12,
                    "flooded": false,
                    "pathable": false,
                    "mergeable": false,
                    "no_features": false
                },
                {
                    "weight": [
                        1,
                        1,
                        1,
                        1
                    ],
                    "spec": "/pa/terrain/ice/brushes/ice_cliff_02.json",
                    "proj": "BP_Bend",
                    "transform": [
                        -0.6867907643318176,
                        0.46816763281822205,
                        -0.5560013055801392,
                        -280.12860107421875,
                        0.024975687265396118,
                        -0.7492892146110535,
                        -0.6617717742919922,
                        -333.41864013671875,
                        -0.7264258861541748,
                        -0.4683852791786194,
                        0.5029121041297913,
                        253.3808135986328
                    ],
                    "op": "BO_Add",
                    "rotation": 3.440931797027588,
                    "scale": [
                        1,
                        1,
                        1
                    ],
                    "height": 503.8272399902344,
                    "position": [
                        -280.1286315917969,
                        -333.4186706542969,
                        253.3807830810547
                    ],
                    "weightHard": false,
                    "weightScale": [
                        1,
                        1,
                        1
                    ],
                    "mirrored": false,
                    "twinId": 13,
                    "flooded": false,
                    "pathable": false,
                    "mergeable": false,
                    "no_features": false
                },
                {
                    "weight": [
                        1,
                        1,
                        1,
                        1
                    ],
                    "spec": "/pa/terrain/ice/brushes/ice_cliff_02.json",
                    "proj": "BP_Bend",
                    "transform": [
                        -0.7933382391929626,
                        0.4619801342487335,
                        -0.39647045731544495,
                        -200.27696228027344,
                        -0.5846903324127197,
                        -0.3968164622783661,
                        0.7075831294059753,
                        357.4354553222656,
                        0.16956335306167603,
                        0.7931652069091797,
                        0.5849249362945557,
                        295.4747009277344
                    ],
                    "op": "BO_Add",
                    "rotation": 3.8629322052001953,
                    "scale": [
                        1,
                        1,
                        1
                    ],
                    "height": 505.14971923828125,
                    "position": [
                        -200.27694702148438,
                        357.4354248046875,
                        295.4747009277344
                    ],
                    "weightHard": false,
                    "weightScale": [
                        1,
                        1,
                        1
                    ],
                    "mirrored": false,
                    "twinId": 14,
                    "flooded": false,
                    "pathable": false,
                    "mergeable": false,
                    "no_features": false
                },
                {
                    "weight": [
                        1,
                        1,
                        1,
                        1
                    ],
                    "spec": "/pa/terrain/ice/brushes/ice_cliff_02.json",
                    "proj": "BP_Bend",
                    "transform": [
                        0.9063249230384827,
                        -0.36403346061706543,
                        -0.21460376679897308,
                        -108.31536865234375,
                        0.3613622784614563,
                        0.40437638759613037,
                        0.8401767611503601,
                        424.0561828613281,
                        -0.21907173097133636,
                        -0.8390228152275085,
                        0.49804437160491943,
                        251.37425231933594
                    ],
                    "op": "BO_Add",
                    "rotation": 0.5054811239242554,
                    "scale": [
                        1,
                        1,
                        1
                    ],
                    "height": 504.72259521484375,
                    "position": [
                        -108.31536865234375,
                        424.0561828613281,
                        251.3742218017578
                    ],
                    "weightHard": false,
                    "weightScale": [
                        1,
                        1,
                        1
                    ],
                    "mirrored": false,
                    "twinId": 16,
                    "flooded": false,
                    "pathable": false,
                    "mergeable": false,
                    "no_features": false
                },
                {
                    "weight": [
                        1,
                        1,
                        1,
                        1
                    ],
                    "spec": "/pa/terrain/ice/brushes/ice_cliff_02.json",
                    "proj": "BP_Bend",
                    "transform": [
                        0.9853029251098633,
                        0.036682236939668655,
                        -0.16683104634284973,
                        -83.21204376220703,
                        0.03225643187761307,
                        0.9191418290138245,
                        0.3926040530204773,
                        195.8231658935547,
                        0.16774298250675201,
                        -0.3922153115272522,
                        0.9044498205184937,
                        451.12176513671875
                    ],
                    "op": "BO_Add",
                    "rotation": 6.2808613777160645,
                    "scale": [
                        1,
                        1,
                        1
                    ],
                    "height": 498.7803039550781,
                    "position": [
                        -83.21202850341797,
                        195.82313537597656,
                        451.12176513671875
                    ],
                    "weightHard": false,
                    "weightScale": [
                        1,
                        1,
                        1
                    ],
                    "mirrored": false,
                    "twinId": 18,
                    "flooded": false,
                    "pathable": false,
                    "mergeable": false,
                    "no_features": false
                },
                {
                    "weight": [
                        1,
                        1,
                        1,
                        1
                    ],
                    "spec": "/pa/terrain/ice/brushes/ice_cliff_02.json",
                    "proj": "BP_Bend",
                    "transform": [
                        -0.0492069236934185,
                        -0.18816736340522766,
                        -0.9809035062789917,
                        -482.0063171386719,
                        0.18688566982746124,
                        -0.9664826393127441,
                        0.1760258972644806,
                        86.49739074707031,
                        -0.9811484813690186,
                        -0.17465510964393616,
                        0.08272343873977661,
                        40.64948272705078
                    ],
                    "op": "BO_Add",
                    "rotation": 2.7878642082214355,
                    "scale": [
                        1,
                        1,
                        1
                    ],
                    "height": 491.39013671875,
                    "position": [
                        -482.0063171386719,
                        86.49739074707031,
                        40.64949035644531
                    ],
                    "weightHard": false,
                    "weightScale": [
                        1,
                        1,
                        1
                    ],
                    "mirrored": false,
                    "twinId": 19,
                    "flooded": false,
                    "pathable": false,
                    "mergeable": false,
                    "no_features": false
                },
                {
                    "weight": [
                        1,
                        1,
                        1,
                        1
                    ],
                    "spec": "/pa/terrain/ice/brushes/ice_cliff_03.json",
                    "proj": "BP_Bend",
                    "transform": [
                        0.8136902451515198,
                        -0.5758312344551086,
                        -0.07953883707523346,
                        -39.747718811035156,
                        0.12559525668621063,
                        0.3077499270439148,
                        -0.9431414008140564,
                        -471.3133850097656,
                        0.5675683617591858,
                        0.7574352622032166,
                        0.3227347731590271,
                        161.2793426513672
                    ],
                    "op": "BO_Add",
                    "rotation": 0.5589367747306824,
                    "scale": [
                        1,
                        1,
                        1
                    ],
                    "height": 499.7271728515625,
                    "position": [
                        -39.74772262573242,
                        -471.3134765625,
                        161.2793426513672
                    ],
                    "weightHard": false,
                    "weightScale": [
                        1,
                        1,
                        1
                    ],
                    "mirrored": false,
                    "twinId": 20,
                    "flooded": false,
                    "pathable": false,
                    "mergeable": false,
                    "no_features": false
                },
                {
                    "weight": [
                        1,
                        1,
                        1,
                        1
                    ],
                    "spec": "/pa/terrain/ice/brushes/ice_cliff_03.json",
                    "proj": "BP_Bend",
                    "transform": [
                        -0.09064488857984543,
                        -0.9488603472709656,
                        0.3024027943611145,
                        149.5216522216797,
                        0.7138693928718567,
                        -0.2736324667930603,
                        -0.6446051001548767,
                        -318.72198486328125,
                        0.6943875551223755,
                        0.15744595229625702,
                        0.7021657228469849,
                        347.18255615234375
                    ],
                    "op": "BO_Add",
                    "rotation": 1.7864726781845093,
                    "scale": [
                        1,
                        1,
                        1
                    ],
                    "height": 494.4452819824219,
                    "position": [
                        149.52166748046875,
                        -318.72198486328125,
                        347.18255615234375
                    ],
                    "weightHard": false,
                    "weightScale": [
                        1,
                        1,
                        1
                    ],
                    "mirrored": false,
                    "twinId": 21,
                    "flooded": false,
                    "pathable": false,
                    "mergeable": false,
                    "no_features": false
                },
                {
                    "weight": [
                        1,
                        1,
                        1,
                        1
                    ],
                    "spec": "/pa/terrain/ice/brushes/ice_cliff_01.json",
                    "proj": "BP_Bend",
                    "transform": [
                        0.15478050708770752,
                        -0.4835912585258484,
                        -0.8615000247955322,
                        -431.0218200683594,
                        -0.216935932636261,
                        0.8340902328491211,
                        -0.5071806311607361,
                        -253.75033569335938,
                        0.9638369083404541,
                        0.265392005443573,
                        0.02419257164001465,
                        12.10391902923584
                    ],
                    "op": "BO_Add",
                    "rotation": 0.26339155435562134,
                    "scale": [
                        1,
                        1,
                        1
                    ],
                    "height": 500.3155212402344,
                    "position": [
                        -431.0218505859375,
                        -253.7503662109375,
                        12.103846549987793
                    ],
                    "weightHard": false,
                    "weightScale": [
                        1,
                        1,
                        1
                    ],
                    "mirrored": false,
                    "twinId": 22,
                    "flooded": false,
                    "pathable": false,
                    "mergeable": false,
                    "no_features": false
                },
                {
                    "weight": [
                        1,
                        1,
                        1,
                        1
                    ],
                    "spec": "/pa/terrain/ice/brushes/ice_cliff_04.json",
                    "proj": "BP_Bend",
                    "transform": [
                        -0.6082167029380798,
                        -0.009752280078828335,
                        -0.7937111258506775,
                        -395.72235107421875,
                        -0.012215479277074337,
                        -0.9996910691261292,
                        0.021643800660967827,
                        10.790998458862305,
                        -0.793677031993866,
                        0.022859681397676468,
                        0.6079096794128418,
                        303.0869140625
                    ],
                    "op": "BO_Add",
                    "rotation": 3.143124580383301,
                    "scale": [
                        1,
                        1,
                        1
                    ],
                    "height": 498.572265625,
                    "position": [
                        -395.7223815917969,
                        10.790999412536621,
                        303.0868835449219
                    ],
                    "weightHard": false,
                    "weightScale": [
                        1,
                        1,
                        1
                    ],
                    "mirrored": false,
                    "twinId": 24,
                    "flooded": false,
                    "pathable": false,
                    "mergeable": false,
                    "no_features": false
                },
                {
                    "weight": [
                        1,
                        1,
                        1,
                        1
                    ],
                    "spec": "/pa/terrain/ice/brushes/ice_cliff_03.json",
                    "proj": "BP_Bend",
                    "transform": [
                        0.04329507052898407,
                        -0.6845284700393677,
                        -0.727699339389801,
                        -359.7677001953125,
                        0.7841945290565491,
                        0.4745784401893616,
                        -0.3997677266597748,
                        -197.64138793945312,
                        0.6190028190612793,
                        -0.5533498525619507,
                        0.5573503971099854,
                        275.54876708984375
                    ],
                    "op": "BO_Add",
                    "rotation": 1.2318060398101807,
                    "scale": [
                        1,
                        1,
                        1
                    ],
                    "height": 494.39056396484375,
                    "position": [
                        -359.76763916015625,
                        -197.641357421875,
                        275.54876708984375
                    ],
                    "weightHard": false,
                    "weightScale": [
                        1,
                        1,
