{
    "name": "Incontrovertible",
    "creator": "Pwn4two",
    "version": "1.0",
    "date": "2015/11/17",
    "description": "A map designed for 2 shared teams of any number of players each.",
    "planets": [
        {
            "name": "Furry Yet Moist",
            "mass": 20000,
            "position_x": 198019.796875,
            "position_y": 0,
            "velocity_x": -0.0000021964701772958506,
            "velocity_y": 50.2493782043457,
            "required_thrust_to_move": 0,
            "starting_planet": true,
            "respawn": false,
            "start_destroyed": false,
            "min_spawn_delay": 0,
            "max_spawn_delay": 0,
            "planet": {
                "seed": 471454784,
                "radius": 705,
                "heightRange": 35,
                "waterHeight": 34,
                "waterDepth": 100,
                "temperature": 50,
                "metalDensity": 0,
                "metalClusters": 0,
                "metalSpotLimit": -1,
                "biomeScale": 50,
                "biome": "earth",
                "symmetryType": "terrain and CSG",
                "symmetricalMetal": true,
                "symmetricalStarts": true,
                "numArmies": 2,
                "landingZonesPerArmy": 1,
                "landingZoneSize": 500
            },
            "planetCSG": [
                {
                    "weight": [
                        1,
                        1,
                        1,
                        1
                    ],
                    "spec": "/pa/terrain/ice/brushes/ice_cliff_09.json",
                    "proj": "BP_Bend",
                    "transform": [
                        -0.8123490214347839,
                        0.5790007710456848,
                        0.06962200999259949,
                        48.30023956298828,
                        -0.5435193181037903,
                        -0.7949694395065308,
                        0.2694632112979889,
                        186.9399871826172,
                        0.21136677265167236,
                        0.18105725944042206,
                        0.9604907035827637,
                        666.3400268554688
                    ],
                    "op": "BO_Add",
                    "rotation": 3.7512309551239014,
                    "scale": [
                        1,
                        1,
                        1
                    ],
                    "height": 693.7495727539062,
                    "position": [
                        48.30023956298828,
                        186.9399871826172,
                        666.3400268554688
                    ],
                    "weightHard": false,
                    "weightScale": [
                        1,
                        1,
                        1
                    ],
                    "mirrored": false,
                    "twinId": 1,
                    "flooded": false,
                    "pathable": false,
                    "mergeable": false,
                    "no_features": false
                },
                {
                    "weight": [
                        1,
                        1,
                        1,
                        1
                    ],
                    "spec": "/pa/terrain/ice/brushes/ice_cliff_11.json",
                    "proj": "BP_Bend",
                    "transform": [
                        0.9619577527046204,
                        0.17277312278747559,
                        -0.21162863075733185,
                        -147.92202758789062,
                        -0.15093110501766205,
                        0.9817779064178467,
                        0.11546395719051361,
                        80.70582580566406,
                        0.22772137820720673,
                        -0.07913010567426682,
                        0.9705057144165039,
                        678.354248046875
                    ],
                    "op": "BO_Add",
                    "rotation": 6.118162631988525,
                    "scale": [
                        1,
                        1,
                        1
                    ],
                    "height": 698.9698486328125,
                    "position": [
                        -147.92205810546875,
                        80.70584106445312,
                        678.354248046875
                    ],
                    "weightHard": false,
                    "weightScale": [
                        1,
                        1,
                        1
                    ],
                    "mirrored": false,
                    "twinId": 2,
                    "flooded": false,
                    "pathable": false,
                    "mergeable": false,
                    "no_features": false
                },
                {
                    "weight": [
                        1,
                        1,
                        1,
                        1
                    ],
                    "spec": "/pa/terrain/ice/brushes/ice_cliff_01.json",
                    "proj": "BP_Bend",
                    "transform": [
                        0.22989904880523682,
                        0.950293242931366,
                        0.20997413992881775,
                        149.89913940429688,
                        -0.9436047077178955,
                        0.2704694867134094,
                        -0.1909356266260147,
                        -136.3076629638672,
                        -0.2382364422082901,
                        -0.15423665940761566,
                        0.9588818550109863,
                        684.5393676757812
                    ],
                    "op": "BO_Add",
                    "rotation": 4.970687389373779,
                    "scale": [
                        1,
                        1,
                        1
                    ],
                    "height": 713.893310546875,
                    "position": [
                        149.8991241455078,
                        -136.30764770507812,
                        684.5393676757812
                    ],
                    "weightHard": false,
                    "weightScale": [
                        1,
                        1,
                        1
                    ],
                    "mirrored": false,
                    "twinId": 3,
                    "flooded": false,
                    "pathable": false,
                    "mergeable": false,
                    "no_features": false
                },
                {
                    "weight": [
                        1,
                        1,
                        1,
                        1
                    ],
                    "spec": "/pa/terrain/ice/brushes/ice_cliff_04.json",
                    "proj": "BP_Bend",
                    "transform": [
                        0.8545494079589844,
                        -0.5193700790405273,
                        -1.2864828313752241e-8,
                        -0.000009153772225545254,
                        0.5177483558654785,
                        0.8518810868263245,
                        -0.0789637491106987,
                        -56.18545150756836,
                        0.041011419147253036,
                        0.06747841835021973,
                        0.9968774914741516,
                        709.3129272460938
                    ],
                    "op": "BO_Add",
                    "rotation": 0.5461136698722839,
                    "scale": [
                        1,
                        1,
                        1
                    ],
                    "height": 711.5347290039062,
                    "position": [
                        -0.000009153772225545254,
                        -56.18545150756836,
                        709.3129272460938
                    ],
                    "weightHard": false,
                    "weightScale": [
                        1,
                        1,
                        1
                    ],
                    "mirrored": false,
                    "twinId": 4,
                    "flooded": false,
                    "pathable": false,
                    "mergeable": false,
                    "no_features": false
                },
                {
                    "weight": [
                        1,
                        1,
                        1,
                        1
                    ],
                    "spec": "/pa/terrain/ice/brushes/ice_cliff_04.json",
                    "proj": "BP_Bend",
                    "transform": [
                        0.8885251879692078,
                        -0.4464039206504822,
                        -0.10604963451623917,
                        -74.89982604980469,
                        0.458244651556015,
                        0.8750170469284058,
                        0.15606731176376343,
                        110.22588348388672,
                        0.023126177489757538,
                        -0.18726640939712524,
                        0.9820368885993958,
                        693.5845947265625
                    ],
                    "op": "BO_Add",
                    "rotation": 0.4739716053009033,
                    "scale": [
                        1,
                        1,
                        1
                    ],
                    "height": 706.2714233398438,
                    "position": [
                        -74.89983367919922,
                        110.22589111328125,
                        693.5845947265625
                    ],
                    "weightHard": false,
                    "weightScale": [
                        1,
                        1,
                        1
                    ],
                    "mirrored": false,
                    "twinId": 5,
                    "flooded": false,
                    "pathable": false,
                    "mergeable": false,
                    "no_features": false
                },
                {
                    "weight": [
                        1,
                        1,
                        1,
                        1
                    ],
                    "spec": "/pa/terrain/ice/brushes/ice_cliff_02.json",
                    "proj": "BP_Bend",
                    "transform": [
                        0.8824028372764587,
                        0.42225849628448486,
                        0.20751610398292542,
                        145.10568237304688,
                        -0.46617192029953003,
                        0.8443114757537842,
                        0.26423853635787964,
                        184.76885986328125,
                        -0.06363124400377274,
                        -0.3299030363559723,
                        0.9418678879737854,
                        658.6013793945312
                    ],
                    "op": "BO_Add",
                    "rotation": 5.80798864364624,
                    "scale": [
                        1,
                        1,
                        1
                    ],
                    "height": 699.250244140625,
                    "position": [
                        145.10565185546875,
                        184.76882934570312,
                        658.6012573242188
                    ],
                    "weightHard": false,
                    "weightScale": [
                        1,
                        1,
                        1
                    ],
                    "mirrored": false,
                    "twinId": 6,
                    "flooded": false,
                    "pathable": false,
                    "mergeable": false,
                    "no_features": false
                },
                {
                    "weight": [
                        1,
                        1,
                        1,
                        1
                    ],
                    "spec": "/pa/terrain/ice/brushes/ice_cliff_03.json",
                    "proj": "BP_Bend",
                    "transform": [
                        0.036101654171943665,
                        0.9589736461639404,
                        -0.28118711709976196,
                        -194.42442321777344,
                        -0.9953364133834839,
                        0.05969008803367615,
                        0.07577846944332123,
                        52.39636993408203,
                        0.08945363759994507,
                        0.2771400511264801,
                        0.9566563963890076,
                        661.4718627929688
                    ],
                    "op": "BO_Add",
                    "rotation": 4.7613654136657715,
                    "scale": [
                        1,
                        1,
                        1
                    ],
                    "height": 691.44140625,
                    "position": [
                        -194.42442321777344,
                        52.39638137817383,
                        661.4718627929688
                    ],
                    "weightHard": false,
                    "weightScale": [
                        1,
                        1,
                        1
                    ],
                    "mirrored": false,
                    "twinId": 7,
                    "flooded": false,
                    "pathable": false,
                    "mergeable": false,
                    "no_features": false
                },
                {
                    "weight": [
                        1,
                        1,
                        1,
                        1
                    ],
                    "spec": "/pa/terrain/ice/brushes/ice_cliff_04.json",
                    "proj": "BP_Bend",
                    "transform": [
                        -0.5380622744560242,
                        0.8173465728759766,
                        -0.20599398016929626,
                        -142.6539306640625,
                        -0.8297878503799438,
                        -0.4706813395023346,
                        0.2998519837856293,
                        207.6520233154297,
                        0.14812548458576202,
                        0.3322703540325165,
                        0.9314801096916199,
                        645.0640258789062
                    ],
                    "op": "BO_Add",
                    "rotation": 4.162884712219238,
                    "scale": [
                        1,
                        1,
                        1
                    ],
                    "height": 692.5150146484375,
                    "position": [
                        -142.6539306640625,
                        207.6520233154297,
                        645.0640869140625
                    ],
                    "weightHard": false,
                    "weightScale": [
                        1,
                        1,
                        1
                    ],
                    "mirrored": false,
                    "twinId": 8,
                    "flooded": false,
                    "pathable": false,
                    "mergeable": false,
                    "no_features": false
                },
                {
                    "weight": [
                        1,
                        1,
                        1,
                        1
                    ],
                    "spec": "/pa/terrain/ice/brushes/ice_cliff_03.json",
                    "proj": "BP_Bend",
                    "transform": [
                        -0.6423850059509277,
                        -0.6641034483909607,
                        0.3825025260448456,
                        269.4310302734375,
                        0.7287160754203796,
                        -0.6838405728340149,
                        0.03653675317764282,
                        25.73613166809082,
                        0.23730656504631042,
                        0.3022063970565796,
                        0.9232317209243774,
                        650.3153686523438
                    ],
                    "op": "BO_Add",
                    "rotation": 2.331707715988159,
                    "scale": [
                        1,
                        1,
                        1
                    ],
                    "height": 704.3901977539062,
                    "position": [
                        269.4310607910156,
                        25.736133575439453,
                        650.3154296875
                    ],
                    "weightHard": false,
                    "weightScale": [
                        1,
                        1,
                        1
                    ],
                    "mirrored": false,
                    "twinId": 9,
                    "flooded": false,
                    "pathable": false,
                    "mergeable": false,
                    "no_features": false
                },
                {
                    "weight": [
                        1,
                        1,
                        1,
                        1
                    ],
                    "spec": "/pa/terrain/ice/brushes/ice_cliff_01.json",
                    "proj": "BP_Bend",
                    "transform": [
                        0.03972531110048294,
                        0.9692123532295227,
                        -0.24300070106983185,
                        -169.82766723632812,
                        -0.973969578742981,
                        -0.016757048666477203,
                        -0.22605857253074646,
                        -157.98719787597656,
                        -0.22317072749137878,
                        0.24565553665161133,
                        0.9433176517486572,
                        659.2632446289062
                    ],
                    "op": "BO_Add",
                    "rotation": 4.724208354949951,
                    "scale": [
                        1,
                        1,
                        1
                    ],
                    "height": 698.8772583007812,
                    "position": [
                        -169.82765197753906,
                        -157.9871826171875,
                        659.2633056640625
                    ],
                    "weightHard": false,
                    "weightScale": [
                        1,
                        1,
                        1
                    ],
                    "mirrored": false,
                    "twinId": 10,
                    "flooded": false,
                    "pathable": false,
                    "mergeable": false,
                    "no_features": false
                },
                {
                    "weight": [
                        1,
                        1,
                        1,
                        1
                    ],
                    "spec": "/pa/terrain/ice/brushes/ice_cliff_03.json",
                    "proj": "BP_Bend",
                    "transform": [
                        0.9523147940635681,
                        0.18019618093967438,
                        0.2462230920791626,
                        174.81825256347656,
                        -0.15603646636009216,
                        0.981092095375061,
                        -0.11450278759002686,
                        -81.29690551757812,
                        -0.2622005045413971,
                        0.07062292098999023,
                        0.962425708770752,
                        683.3216552734375
                    ],
                    "op": "BO_Add",
                    "rotation": 6.1110005378723145,
                    "scale": [
                        1,
                        1,
                        1
                    ],
                    "height": 709.9993896484375,
                    "position": [
                        174.8182373046875,
                        -81.29690551757812,
                        683.3217163085938
                    ],
                    "weightHard": false,
                    "weightScale": [
                        1,
                        1,
                        1
                    ],
                    "mirrored": false,
                    "twinId": 11,
                    "flooded": false,
                    "pathable": false,
                    "mergeable": false,
                    "no_features": false
                },
                {
                    "weight": [
                        1,
                        1,
                        1,
                        1
                    ],
                    "spec": "/pa/terrain/ice/brushes/ice_cliff_04.json",
                    "proj": "BP_Bend",
                    "transform": [
                        -0.6261265277862549,
                        0.7520186305046082,
                        0.20599405467510223,
                        147.47036743164062,
                        -0.7719201445579529,
                        -0.5605604648590088,
                        -0.29985207319259644,
                        -214.66297912597656,
                        -0.11002223193645477,
                        -0.34675633907318115,
                        0.9314800500869751,
                        666.8430786132812
                    ],
                    "op": "BO_Add",
                    "rotation": 4.0507731437683105,
                    "scale": [
                        1,
                        1,
                        1
                    ],
                    "height": 715.8961791992188,
                    "position": [
                        147.4703369140625,
                        -214.66293334960938,
                        666.8428955078125
                    ],
                    "weightHard": false,
                    "weightScale": [
                        1,
                        1,
                        1
                    ],
                    "mirrored": false,
                    "twinId": 12,
                    "flooded": false,
                    "pathable": false,
                    "mergeable": false,
                    "no_features": false
                },
                {
                    "weight": [
                        1,
                        1,
                        1,
                        1
                    ],
                    "spec": "/pa/terrain/ice/brushes/ice_cliff_03.json",
                    "proj": "BP_Bend",
                    "transform": [
                        -0.8867436647415161,
                        0.42962804436683655,
                        -0.17060323059558868,
                        -119.63562774658203,
                        -0.35725754499435425,
                        -0.8711411356925964,
                        -0.33686813712120056,
                        -236.22900390625,
                        -0.29334747791290283,
                        -0.23776638507843018,
                        0.925966739654541,
                        649.3347778320312
                    ],
                    "op": "BO_Add",
                    "rotation": 3.5624756813049316,
                    "scale": [
                        1,
                        1,
                        1
                    ],
                    "height": 701.2506713867188,
                    "position": [
                        -119.6355972290039,
                        -236.22894287109375,
                        649.3346557617188
                    ],
                    "weightHard": false,
                    "weightScale": [
                        1,
                        1,
                        1
                    ],
                    "mirrored": false,
                    "twinId": 13,
                    "flooded": false,
                    "pathable": false,
                    "mergeable": false,
                    "no_features": false
                },
                {
                    "weight": [
                        1,
                        1,
                        1,
                        1
                    ],
                    "spec": "/pa/terrain/ice/brushes/ice_cliff_04.json",
                    "proj": "BP_Bend",
                    "transform": [
                        0.06770217418670654,
                        0.9953938722610474,
                        0.06787848472595215,
                        47.400428771972656,
                        -0.9260483980178833,
                        0.03737591207027435,
                        0.3755495846271515,
                        262.25115966796875,
                        0.3712827265262604,
                        -0.08828428387641907,
                        0.9243133068084717,
                        645.4599609375
                    ],
                    "op": "BO_Add",
                    "rotation": 4.767021656036377,
                    "scale": [
                        1,
                        1,
                        1
                    ],
                    "height": 698.31298828125,
                    "position": [
                        47.400421142578125,
                        262.2510986328125,
                        645.4599609375
                    ],
                    "weightHard": false,
                    "weightScale": [
                        1,
                        1,
                        1
                    ],
                    "mirrored": false,
                    "twinId": 14,
                    "flooded": false,
                    "pathable": false,
                    "mergeable": false,
                    "no_features": false
                },
                {
                    "weight": [
                        1,
                        1,
                        1,
                        1
                    ],
                    "spec": "/pa/terrain/ice/brushes/ice_cliff_02.json",
                    "proj": "BP_Bend",
                    "transform": [
                        0.5598132014274597,
                        -0.8093917369842529,
                        0.17746582627296448,
                        125.51690673828125,
                        0.8178111910820007,
                        0.5741692185401917,
                        0.03891628235578537,
                        27.52446174621582,
                        -0.13339394330978394,
                        0.1233476921916008,
                        0.9833571910858154,
                        695.502685546875
                    ],
                    "op": "BO_Add",
                    "rotation": 0.9621602892875671,
                    "scale": [
                        1,
                        1,
                        1
                    ],
                    "height": 707.273681640625,
                    "position": [
                        125.51692199707031,
                        27.524465560913086,
                        695.5027465820312
                    ],
                    "weightHard": false,
                    "weightScale": [
                        1,
                        1,
                        1
                    ],
                    "mirrored": false,
                    "twinId": 15,
                    "flooded": false,
                    "pathable": false,
                    "mergeable": false,
                    "no_features": false
                },
                {
                    "weight": [
                        1,
                        1,
                        1,
                        1
                    ],
                    "spec": "/pa/terrain/desert/brushes/desert_plateau_01.json",
                    "proj": "BP_Bend",
                    "transform": [
                        0.8232080936431885,
                        -0.9220889210700989,
                        -0.04739774763584137,
                        -27.20895004272461,
                        0.19767756760120392,
                        0.23804306983947754,
                        -1.1976749897003174,
                        -687.5321655273438,
                        0.9018969535827637,
                        0.7894642353057861,
                        0.3057684898376465,
                        175.52816772460938
                    ],
                    "op": "BO_Add",
                    "rotation": 0.812221109867096,
                    "scale": [
                        1.2369987964630127,
                        1.2369987964630127,
                        1.2369987964630127
                    ],
                    "height": 710.1062622070312,
                    "position": [
                        -27.208948135375977,
                        -687.5321044921875,
                        175.52822875976562
                    ],
                    "weightHard": false,
                    "weightScale": [
                        1,
                        1,
                        1
                    ],
                    "mirrored": false,
                    "twinId": 16,
                    "flooded": false,
                    "pathable": false,
                    "mergeable": false,
                    "no_features": false
                },
                {
                    "weight": [
                        1,
                        1,
                        1,
                        1
                    ],
                    "spec": "/pa/terrain/desert/brushes/desert_plateau_01.json",
                    "proj": "BP_Bend",
                    "transform": [
                        0.974053144454956,
                        0.16664108633995056,
                        -0.11726872622966766,
                        -83.14128112792969,
                        -0.12729501724243164,
                        0.050427794456481934,
                        -0.985674262046814,
                        -698.82421875,
                        -0.15911374986171722,
                        0.9797900319099426,
                        0.07067552208900452,
                        50.10759353637695
                    ],
                    "op": "BO_Add",
                    "rotation": 6.003778457641602,
                    "scale": [
                        0.9951385855674744,
                        0.9951385855674744,
                        0.9951385855674744
                    ],
                    "height": 705.5342407226562,
                    "position": [
                        -83.14127349853516,
                        -698.8241577148438,
                        50.10744094848633
                    ],
                    "weightHard": false,
                    "weightScale": [
                        1,
                        1,
                        1
                    ],
                    "mirrored": false,
                    "twinId": 17,
                    "flooded": false,
                    "pathable": false,
                    "mergeable": false,
                    "no_features": false
                },
                {
                    "weight": [
                        1,
                        1,
                        1,
                        1
                    ],
                    "spec": "/pa/terrain/desert/brushes/desert_plateau_02.json",
                    "proj": "BP_Bend",
                    "transform": [
                        0.4785837233066559,
                        0.39661461114883423,
                        0.6044527292251587,
                        499.3283996582031,
                        0.32366517186164856,
                        0.5306469798088074,
                        -0.6044528484344482,
                        -499.3284912109375,
                        -0.6464573740959167,
                        0.5593024492263794,
                        0.1448523849248886,
                        119.66015625
                    ],
                    "op": "BO_Add",
                    "rotation": 6.211028575897217,
                    "scale": [
                        0.867011308670044,
                        0.867011308670044,
                        0.867011308670044
                    ],
                    "height": 716.2236938476562,
                    "position": [
                        499.328369140625,
                        -499.3284606933594,
                        119.66014862060547
                    ],
                    "weightHard": false,
                    "weightScale": [
                        1,
                        1,
                        1
                    ],
                    "mirrored": false,
                    "twinId": 18,
                    "flooded": false,
                    "pathable": false,
                    "mergeable": false,
                    "no_features": false
                },
                {
                    "weight": [
                        1,
                        1,
                        1,
                        1
                    ],
                    "spec": "/pa/terrain/desert/brushes/desert_plateau_01.json",
                    "proj": "BP_Bend",
                    "transform": [
                        -0.5006154775619507,
                        0.7003341317176819,
                        0.8371592164039612,
                        499.3283996582031,
                        -0.7010836005210876,
                        0.4995650053024292,
                        -0.8371593952178955,
                        -499.3284912109375,
                        -0.8365316390991211,
                        -0.8377864956855774,
                        0.2006186842918396,
                        119.66015625
                    ],
                    "op": "BO_Add",
                    "rotation": 4.711639404296875,
                    "scale": [
                        1.2007994651794434,
                        1.2007994651794434,
                        1.2007994651794434
                    ],
                    "height": 716.2236938476562,
                    "position": [
                        499.328369140625,
                        -499.3284606933594,
                        119.66014862060547
                    ],
                    "weightHard": false,
                    "weightScale": [
                        1,
                        1,
                        1
                    ],
                    "mirrored": false,
                    "twinId": 19,
                    "flooded": false,
                    "pathable": false,
                    "mergeable": false,
                    "no_features": false
                },
                {
                    "weight": [
                        1,
                        1,
                        1,
                        1
                    ],
                    "spec": "/pa/terrain/desert/brushes/desert_plateau_02.json",
                    "proj": "BP_Bend",
                    "transform": [
                        -0.6219426989555359,
                        -0.020763754844665527,
                        -0.9732701182365417,
                        -598.4773559570312,
                        -0.8210422992706299,
                        -0.6093473434448242,
                        0.5376652479171753,
                        330.6178894042969,
                        -0.5230444073677063,
                        0.9812049865722656,
                        0.31330475211143494,
                        192.6554718017578
                    ],
                    "op": "BO_Add",
                    "rotation": 3.7179336547851562,
                    "scale": [
                        1.1552050113677979,
                        1.1552050113677979,
                        1.1552050113677979
                    ],
                    "height": 710.3516845703125,
                    "position": [
                        -598.4774169921875,
                        330.6178894042969,
                        192.65542602539062
                    ],
                    "weightHard": false,
                    "weightScale": [
                        1,
                        1,
                        1
                    ],
                    "mirrored": false,
                    "twinId": 20,
                    "flooded": false,
                    "pathable": false,
                    "mergeable": false,
                    "no_features": false
                },
                {
                    "weight": [
                        1,
                        1,
                        1,
                        1
                    ],
                    "spec": "/pa/terrain/desert/brushes/desert_plateau_02.json",
                    "proj": "BP_Bend",
                    "transform": [
                        -0.591758668422699,
                        -0.3345582187175751,
                        0.42890843749046326,
                        382.1324462890625,
                        -0.3733685314655304,
                        -0.21108870208263397,
                        -0.679784893989563,
                        -605.6487426757812,
                        0.39558517932891846,
                        -0.6997016072273254,
                        9.581861348806342e-8,
                        0.00008536880341125652
                    ],
                    "op": "BO_Add",
                    "rotation": 3.1898958683013916,
                    "scale": [
                        0.8037847876548767,
                        0.8037847876548767,
                        0.8037847876548767
                    ],
                    "height": 716.1254272460938,
                    "position": [
                        382.1324462890625,
                        -605.6487426757812,
                        0
                    ],
                    "weightHard": false,
                    "weightScale": [
                        1,
                        1,
                        1
                    ],
                    "mirrored": false,
                    "twinId": 0,
                    "flooded": false,
                    "pathable": false,
                    "mergeable": false,
                    "no_features": false
                },
                {
                    "weight": [
                        1,
                        1,
                        1,
                        1
                    ],
                    "spec": "/pa/terrain/desert/brushes/desert_plateau_02.json",
                    "proj": "BP_Bend",
                    "transform": [
                        0.6078872084617615,
                        0.054863035678863525,
                        1.0262439250946045,
                        618.8988037109375,
                        1.0126829147338867,
                        0.17117083072662354,
                        -0.6090052127838135,
                        -367.27386474609375,
                        -0.17509981989860535,
                        1.1804254055023193,
                        0.04061337560415268,
                        24.492780685424805
                    ],
                    "op": "BO_Add",
                    "rotation": 0.8879584074020386,
                    "scale": [
                        1.1940324306488037,
                        1.1940324306488037,
