{
    "name": "Kinetics Multi v4",
    "planets": [
        {
            "name": "Bounce 4 vs 4",
            "mass": 5000,
            "position_x": 36000,
            "position_y": 0,
            "velocity_x": -0.000005151436198502779,
            "velocity_y": 117.85112762451172,
            "required_thrust_to_move": 0,
            "starting_planet": true,
            "respawn": false,
            "start_destroyed": false,
            "min_spawn_delay": 0,
            "max_spawn_delay": 0,
            "planet": {
                "seed": 840914432,
                "radius": 525,
                "heightRange": 0,
                "waterHeight": 0,
                "waterDepth": 50,
                "temperature": 0,
                "metalDensity": 0,
                "metalClusters": 0,
                "metalSpotLimit": -1,
                "biomeScale": 50,
                "biome": "moon",
                "symmetryType": "terrain and CSG",
                "symmetricalMetal": true,
                "symmetricalStarts": true,
                "numArmies": 2,
                "landingZonesPerArmy": 1,
                "landingZoneSize": 200
            },
            "source": {
                "brushes": [
                    {
                        "weight": [
                            1,
                            1,
                            1,
                            1
                        ],
                        "spec": "/pa/terrain/metal/brushes/metal_structure_06.json",
                        "proj": "BP_Bend",
                        "transform": [
                            0.803579568862915,
                            -0.13582655787467957,
                            -0.5794921517372131,
                            -306.74456787109375,
                            -0.5951164364814758,
                            -0.19940955936908722,
                            -0.7785065770149231,
                            -412.0895690917969,
                            -0.009814441204071045,
                            0.9704573154449463,
                            -0.2410740852355957,
                            -127.60857391357422
                        ],
                        "op": "BO_Add",
                        "rotation": -0.6499970555305481,
                        "scale": [
                            1,
                            1,
                            1
                        ],
                        "height": 529.3334350585938,
                        "position": [
                            -303.267578125,
                            -407.41845703125,
                            -126.16199493408203
                        ],
                        "weightHard": false,
                        "weightScale": [
                            1,
                            1,
                            1
                        ],
                        "mirrored": false,
                        "twinId": 0,
                        "flooded": false,
                        "pathable": false,
                        "mergeable": false,
                        "no_features": false
                    },
                    {
                        "weight": [
                            1,
                            1,
                            1,
                            1
                        ],
                        "spec": "/pa/terrain/metal/brushes/metal_structure_06.json",
                        "proj": "BP_Bend",
                        "transform": [
                            0.803579568862915,
                            -0.13582655787467957,
                            -0.5794921517372131,
                            -303.2676086425781,
                            -0.5951164364814758,
                            -0.19940955936908722,
                            -0.7785065770149231,
                            -407.4185485839844,
                            0.009814441204071045,
                            -0.9704573154449463,
                            0.2410740852355957,
                            126.1621322631836
                        ],
                        "op": "BO_Add",
                        "rotation": -0.6499970555305481,
                        "scale": [
                            1,
                            1,
                            1
                        ],
                        "height": 523.3334350585938,
                        "position": [
                            -303.267578125,
                            -407.41845703125,
                            -126.16199493408203
                        ],
                        "weightHard": false,
                        "weightScale": [
                            1,
                            1,
                            1
                        ],
                        "mirrored": true,
                        "twinId": 0,
                        "flooded": false,
                        "pathable": false,
                        "mergeable": false,
                        "no_features": false
                    },
                    {
                        "weight": [
                            1,
                            1,
                            1,
                            1
                        ],
                        "spec": "/pa/terrain/metal/brushes/metal_structure_06.json",
                        "proj": "BP_Bend",
                        "transform": [
                            1.0391541719436646,
                            -0.010416548699140549,
                            0.04062069579958916,
                            20.656293869018555,
                            0.03689878061413765,
                            -0.2515464425086975,
                            -1.0084456205368042,
                            -512.811279296875,
                            0.019925490021705627,
                            1.0090668201446533,
                            -0.25097230076789856,
                            -127.62356567382812
                        ],
                        "op": "BO_Add",
                        "rotation": 0.06000262498855591,
                        "scale": [
                            1.0399999618530273,
                            1.0399999618530273,
                            1.0399999618530273
                        ],
                        "height": 528.857177734375,
                        "position": [
                            20.50006103515625,
                            -508.93267822265625,
                            -126.65827941894531
                        ],
                        "weightHard": false,
                        "weightScale": [
                            1,
                            1,
                            1
                        ],
                        "mirrored": false,
                        "twinId": 0,
                        "flooded": false,
                        "pathable": false,
                        "mergeable": false,
                        "no_features": false
                    },
                    {
                        "weight": [
                            1,
                            1,
                            1,
                            1
                        ],
                        "spec": "/pa/terrain/metal/brushes/metal_structure_06.json",
                        "proj": "BP_Bend",
                        "transform": [
                            0.9991866946220398,
                            -0.010015912353992462,
                            0.03905836120247841,
                            20.50006103515625,
                            0.0354795940220356,
                            -0.24187158048152924,
                            -0.9696593284606934,
                            -508.9326171875,
                            -0.01915913075208664,
                            -0.970256507396698,
                            0.24131953716278076,
                            126.65829467773438
                        ],
                        "op": "BO_Add",
                        "rotation": 0.06000262498855591,
                        "scale": [
                            1,
                            1,
                            1
                        ],
                        "height": 524.857177734375,
                        "position": [
                            20.50006103515625,
                            -508.93267822265625,
                            -126.65827941894531
                        ],
                        "weightHard": false,
                        "weightScale": [
                            1,
                            1,
                            1
                        ],
                        "mirrored": true,
                        "twinId": 0,
                        "flooded": false,
                        "pathable": false,
                        "mergeable": false,
                        "no_features": false
                    },
                    {
                        "weight": [
                            1,
                            1,
                            1,
                            1
                        ],
                        "spec": "/pa/terrain/metal/brushes/metal_structure_06.json",
                        "proj": "BP_Bend",
                        "transform": [
                            0.7495165467262268,
                            0.15272381901741028,
                            0.6441276669502258,
                            341.7920227050781,
                            0.6619799137115479,
                            -0.16888447105884552,
                            -0.7302470207214355,
                            -387.48931884765625,
                            -0.0027430057525634766,
                            0.9737318158149719,
                            -0.22768187522888184,
                            -120.81432342529297
                        ],
                        "op": "BO_Add",
                        "rotation": 0.7200022339820862,
                        "scale": [
                            1,
                            1,
                            1
                        ],
                        "height": 530.6277465820312,
                        "position": [
                            339.2154846191406,
                            -384.56829833984375,
                            -119.90352630615234
                        ],
                        "weightHard": false,
                        "weightScale": [
                            1,
                            1,
                            1
                        ],
                        "mirrored": false,
                        "twinId": 0,
                        "flooded": false,
                        "pathable": false,
                        "mergeable": false,
                        "no_features": false
                    },
                    {
                        "weight": [
                            1,
                            1,
                            1,
                            1
                        ],
                        "spec": "/pa/terrain/metal/brushes/metal_structure_06.json",
                        "proj": "BP_Bend",
                        "transform": [
                            0.7495165467262268,
                            0.15272381901741028,
                            0.6441276669502258,
                            339.21551513671875,
                            0.6619799137115479,
                            -0.16888447105884552,
                            -0.7302470207214355,
                            -384.5683288574219,
                            0.0027430057525634766,
                            -0.9737318158149719,
                            0.22768187522888184,
                            119.90360260009766
                        ],
                        "op": "BO_Add",
                        "rotation": 0.7200022339820862,
                        "scale": [
                            1,
                            1,
                            1
                        ],
                        "height": 526.6277465820312,
                        "position": [
                            339.2154846191406,
                            -384.56829833984375,
                            -119.90352630615234
                        ],
                        "weightHard": false,
                        "weightScale": [
                            1,
                            1,
                            1
                        ],
                        "mirrored": true,
                        "twinId": 0,
                        "flooded": false,
                        "pathable": false,
                        "mergeable": false,
                        "no_features": false
                    },
                    {
                        "weight": [
                            1,
                            1,
                            1,
                            1
                        ],
                        "spec": "/pa/terrain/metal/brushes/metal_structure_06.json",
                        "proj": "BP_Bend",
                        "transform": [
                            0.1664261370897293,
                            0.21741467714309692,
                            0.9617865085601807,
                            508.5867004394531,
                            0.9860497117042542,
                            -0.033855780959129333,
                            -0.16297142207622528,
                            -86.17826843261719,
                            -0.0028703659772872925,
                            0.9754920601844788,
                            -0.22001612186431885,
                            -116.34315490722656
                        ],
                        "op": "BO_Add",
                        "rotation": 1.4000016450881958,
                        "scale": [
                            1,
                            1,
                            1
                        ],
                        "height": 528.7937622070312,
                        "position": [
                            504.739501953125,
                            -85.5263671875,
                            -115.46315002441406
                        ],
                        "weightHard": false,
                        "weightScale": [
                            1,
                            1,
                            1
                        ],
                        "mirrored": false,
                        "twinId": 0,
                        "flooded": false,
                        "pathable": false,
                        "mergeable": false,
                        "no_features": false
                    },
                    {
                        "weight": [
                            1,
                            1,
                            1,
                            1
                        ],
                        "spec": "/pa/terrain/metal/brushes/metal_structure_06.json",
                        "proj": "BP_Bend",
                        "transform": [
                            0.1664261370897293,
                            0.21741467714309692,
                            0.9617865085601807,
                            504.73956298828125,
                            0.9860497117042542,
                            -0.033855780959129333,
                            -0.16297142207622528,
                            -85.52638244628906,
                            0.0028703659772872925,
                            -0.9754920601844788,
                            0.22001612186431885,
                            115.46308898925781
                        ],
                        "op": "BO_Add",
                        "rotation": 1.4000016450881958,
                        "scale": [
                            1,
                            1,
                            1
                        ],
                        "height": 524.7937622070312,
                        "position": [
                            504.739501953125,
                            -85.5263671875,
                            -115.46315002441406
                        ],
                        "weightHard": false,
                        "weightScale": [
                            1,
                            1,
                            1
                        ],
                        "mirrored": true,
                        "twinId": 0,
                        "flooded": false,
                        "pathable": false,
                        "mergeable": false,
                        "no_features": false
                    },
                    {
                        "weight": [
                            1,
                            1,
                            1,
                            1
                        ],
                        "spec": "/pa/terrain/metal/brushes/metal_structure_06.json",
                        "proj": "BP_Bend",
                        "transform": [
                            0.4913414716720581,
                            -0.18978676199913025,
                            0.8500379920005798,
                            447.8617858886719,
                            -0.8709640502929688,
                            -0.10960358381271362,
                            0.47896623611450195,
                            252.35421752929688,
                            0.0022657811641693115,
                            -0.9756885170936584,
                            -0.21915030479431152,
                            -115.46430969238281
                        ],
                        "op": "BO_Add",
                        "rotation": -1.0599967241287231,
                        "scale": [
                            1,
                            1,
                            1
                        ],
                        "height": 526.8726806640625,
                        "position": [
                            444.46160888671875,
                            250.43832397460938,
                            -114.58770751953125
                        ],
                        "weightHard": false,
                        "weightScale": [
                            1,
                            1,
                            1
                        ],
                        "mirrored": false,
                        "twinId": 0,
                        "flooded": false,
                        "pathable": false,
                        "mergeable": false,
                        "no_features": false
                    },
                    {
                        "weight": [
                            1,
                            1,
                            1,
                            1
                        ],
                        "spec": "/pa/terrain/metal/brushes/metal_structure_06.json",
                        "proj": "BP_Bend",
                        "transform": [
                            0.4913414716720581,
                            -0.18978676199913025,
                            0.8500379920005798,
                            444.461669921875,
                            -0.8709640502929688,
                            -0.10960358381271362,
                            0.47896623611450195,
                            250.4383544921875,
                            -0.0022657811641693115,
                            0.9756885170936584,
                            0.21915030479431152,
                            114.58771514892578
                        ],
                        "op": "BO_Add",
                        "rotation": -1.0599967241287231,
                        "scale": [
                            1,
                            1,
                            1
                        ],
                        "height": 522.8726806640625,
                        "position": [
                            444.46160888671875,
                            250.43832397460938,
                            -114.58770751953125
                        ],
                        "weightHard": false,
                        "weightScale": [
                            1,
                            1,
                            1
                        ],
                        "mirrored": true,
                        "twinId": 0,
                        "flooded": false,
                        "pathable": false,
                        "mergeable": false,
                        "no_features": false
                    },
                    {
                        "weight": [
                            1,
                            1,
                            1,
                            1
                        ],
                        "spec": "/pa/terrain/metal/brushes/metal_structure_06.json",
                        "proj": "BP_Bend",
                        "transform": [
                            0.9281306266784668,
                            -0.09576156735420227,
                            0.3597267270088196,
                            188.94003295898438,
                            -0.37186986207962036,
                            -0.19458001852035522,
                            0.9076626300811768,
                            476.7335510253906,
                            -0.01692354679107666,
                            -0.9762009978294373,
                            -0.21620655059814453,
                            -113.55862426757812
                        ],
                        "op": "BO_Add",
                        "rotation": -0.35999733209609985,
                        "scale": [
                            1,
                            1,
                            1
                        ],
                        "height": 525.2321166992188,
                        "position": [
                            187.50112915039062,
                            473.1029052734375,
                            -112.69380187988281
                        ],
                        "weightHard": false,
                        "weightScale": [
                            1,
                            1,
                            1
                        ],
                        "mirrored": false,
                        "twinId": 0,
                        "flooded": false,
                        "pathable": false,
                        "mergeable": false,
                        "no_features": false
                    },
                    {
                        "weight": [
                            1,
                            1,
                            1,
                            1
                        ],
                        "spec": "/pa/terrain/metal/brushes/metal_structure_06.json",
                        "proj": "BP_Bend",
                        "transform": [
                            0.9281306266784668,
                            -0.09576156735420227,
                            0.3597267270088196,
                            187.50112915039062,
                            -0.37186986207962036,
                            -0.19458001852035522,
                            0.9076626300811768,
                            473.1029052734375,
                            0.01692354679107666,
                            0.9762009978294373,
                            0.21620655059814453,
                            112.69378662109375
                        ],
                        "op": "BO_Add",
                        "rotation": -0.35999733209609985,
                        "scale": [
                            1,
                            1,
                            1
                        ],
                        "height": 521.2321166992188,
                        "position": [
                            187.50112915039062,
                            473.1029052734375,
                            -112.69380187988281
                        ],
                        "weightHard": false,
                        "weightScale": [
                            1,
                            1,
                            1
                        ],
                        "mirrored": true,
                        "twinId": 0,
                        "flooded": false,
                        "pathable": false,
                        "mergeable": false,
                        "no_features": false
                    },
                    {
                        "weight": [
                            1,
                            1,
                            1,
                            1
                        ],
                        "spec": "/pa/terrain/metal/brushes/metal_structure_06.json",
                        "proj": "BP_Bend",
                        "transform": [
                            0.9541327953338623,
                            0.058397382497787476,
                            -0.2936331331729889,
                            -154.86534118652344,
                            0.2993446886539459,
                            -0.20194903016090393,
                            0.9325284361839294,
                            491.8257751464844,
                            -0.004841715097427368,
                            -0.9776535034179688,
                            -0.21016716957092285,
                            -110.844482421875
                        ],
                        "op": "BO_Add",
                        "rotation": 0.3100026249885559,
                        "scale": [
                            1,
                            1,
                            1
                        ],
                        "height": 527.4110107421875,
                        "position": [
                            -153.69081115722656,
                            488.09564208984375,
                            -110.0038070678711
                        ],
                        "weightHard": false,
                        "weightScale": [
                            1,
                            1,
                            1
                        ],
                        "mirrored": false,
                        "twinId": 0,
                        "flooded": false,
                        "pathable": false,
                        "mergeable": false,
                        "no_features": false
                    },
                    {
                        "weight": [
                            1,
                            1,
                            1,
                            1
                        ],
                        "spec": "/pa/terrain/metal/brushes/metal_structure_06.json",
                        "proj": "BP_Bend",
                        "transform": [
                            0.9541327953338623,
                            0.058397382497787476,
                            -0.2936331331729889,
                            -153.69081115722656,
                            0.2993446886539459,
                            -0.20194903016090393,
                            0.9325284361839294,
                            488.09564208984375,
                            0.004841715097427368,
                            0.9776535034179688,
                            0.21016716957092285,
                            110.0038070678711
                        ],
                        "op": "BO_Add",
                        "rotation": 0.3100026249885559,
                        "scale": [
                            1,
                            1,
                            1
                        ],
                        "height": 523.4110107421875,
                        "position": [
                            -153.69081115722656,
                            488.09564208984375,
                            -110.0038070678711
                        ],
                        "weightHard": false,
                        "weightScale": [
                            1,
                            1,
                            1
                        ],
                        "mirrored": true,
                        "twinId": 0,
                        "flooded": false,
                        "pathable": false,
                        "mergeable": false,
                        "no_features": false
                    },
                    {
                        "weight": [
                            1,
                            1,
                            1,
                            1
                        ],
                        "spec": "/pa/terrain/metal/brushes/metal_structure_06.json",
                        "proj": "BP_Bend",
                        "transform": [
                            0.5553451776504517,
                            0.17043323814868927,
                            -0.8139680027961731,
                            -427.5770263671875,
                            0.831594705581665,
                            -0.12142208218574524,
                            0.5419471263885498,
                            284.6846008300781,
                            -0.006467849016189575,
                            -0.9778592586517334,
                            -0.20916259288787842,
                            -109.87301635742188
                        ],
                        "op": "BO_Add",
                        "rotation": 0.9900020360946655,
                        "scale": [
                            1,
                            1,
                            1
                        ],
                        "height": 525.299560546875,
                        "position": [
                            -424.32122802734375,
                            282.516845703125,
                            -109.03645324707031
                        ],
                        "weightHard": false,
                        "weightScale": [
                            1,
                            1,
                            1
                        ],
                        "mirrored": false,
                        "twinId": 0,
                        "flooded": false,
                        "pathable": false,
                        "mergeable": false,
                        "no_features": false
                    },
                    {
                        "weight": [
                            1,
                            1,
                            1,
                            1
                        ],
                        "spec": "/pa/terrain/metal/brushes/metal_structure_06.json",
                        "proj": "BP_Bend",
                        "transform": [
                            0.5553451776504517,
                            0.17043323814868927,
                            -0.8139680027961731,
                            -424.3211669921875,
                            0.831594705581665,
                            -0.12142208218574524,
                            0.5419471263885498,
                            282.51678466796875,
                            0.006467849016189575,
                            0.9778592586517334,
                            0.20916259288787842,
                            109.036376953125
                        ],
                        "op": "BO_Add",
                        "rotation": 0.9900020360946655,
                        "scale": [
                            1,
                            1,
                            1
                        ],
                        "height": 521.299560546875,
                        "position": [
                            -424.32122802734375,
                            282.516845703125,
                            -109.03645324707031
                        ],
                        "weightHard": false,
                        "weightScale": [
                            1,
                            1,
                            1
                        ],
                        "mirrored": true,
                        "twinId": 0,
                        "flooded": false,
                        "pathable": false,
                        "mergeable": false,
                        "no_features": false
                    },
                    {
                        "weight": [
                            1,
                            1,
                            1,
                            1
                        ],
                        "spec": "/pa/terrain/metal/brushes/metal_structure_06.json",
                        "proj": "BP_Bend",
                        "transform": [
                            -0.1042889952659607,
                            0.2211361974477768,
                            -0.9696506261825562,
                            -512.9970092773438,
                            0.9938944578170776,
                            0.05848422646522522,
                            -0.09355870634317398,
                            -49.497554779052734,
                            0.036020051687955856,
                            -0.9734876155853271,
                            -0.22588525712490082,
                            -119.50537109375
                        ],
                        "op": "BO_Add",
                        "rotation": 1.630001425743103,
                        "scale": [
                            1,
                            1,
                            1
                        ],
                        "height": 529.0534057617188,
                        "position": [
                            -509.118408203125,
                            -49.123321533203125,
                            -118.60192108154297
                        ],
                        "weightHard": false,
                        "weightScale": [
                            1,
                            1,
                            1
                        ],
                        "mirrored": false,
                        "twinId": 0,
                        "flooded": false,
                        "pathable": false,
                        "mergeable": false,
                        "no_features": false
                    },
                    {
                        "weight": [
                            1,
                            1,
                            1,
                            1
                        ],
                        "spec": "/pa/terrain/metal/brushes/metal_structure_06.json",
                        "proj": "BP_Bend",
                        "transform": [
                            -0.1042889952659607,
                            0.2211361974477768,
                            -0.9696506261825562,
                            -509.118408203125,
                            0.9938944578170776,
                            0.05848422646522522,
                            -0.09355870634317398,
                            -49.123321533203125,
                            -0.036020051687955856,
                            0.9734876155853271,
                            0.22588525712490082,
                            118.6018295288086
                        ],
                        "op": "BO_Add",
                        "rotation": 1.630001425743103,
                        "scale": [
                            1,
                            1,
                            1
                        ],
                        "height": 525.0534057617188,
                        "position": [
                            -509.118408203125,
                            -49.123321533203125,
                            -118.60192108154297
                        ],
                        "weightHard": false,
                        "weightScale": [
                            1,
                            1,
                            1
                        ],
                        "mirrored": true,
                        "twinId": 0,
                        "flooded": false,
                        "pathable": false,
                        "mergeable": false,
                        "no_features": false
                    },
                    {
                        "weight": [
                            1,
                            1,
                            1,
                            1
                        ],
                        "spec": "/pa/terrain/metal/brushes/metal_trench_03.json",
                        "proj": "BP_Bend",
                        "transform": [
                            -0.21266083419322968,
                            -0.49300098419189453,
                            -0.8436382412910461,
                            -441.20849609375,
                            -0.11662140488624573,
                            0.8700217008590698,
                            -0.4790215492248535,
                            -250.5201416015625,
                            0.9701417684555054,
                            -0.003482818603515625,
                            -0.2425140142440796,
                            -126.8307113647461
                        ],
                        "op": "BO_Subtract",
                        "rotation": 0.5199998021125793,
                        "scale": [
                            1,
                            1,
                            1
                        ],
                        "height": 522.9830322265625,
                        "position": [
                            -441.20849609375,
                            -250.5201416015625,
                            -126.83061218261719
                        ],
                        "weightHard": false,
                        "weightScale": [
                            1,
                            1,
                            1
                        ],
                        "mirrored": false,
                        "twinId": 0,
                        "flooded": false,
                        "pathable": true,
                        "mergeable": false,
                        "no_features": true
                    },
                    {
                        "weight": [
                            1,
                            1,
                            1,
                            1
                        ],
                        "spec": "/pa/terrain/metal/brushes/metal_trench_03.json",
                        "proj": "BP_Bend",
                        "transform": [
                            -0.21266083419322968,
                            -0.49300098419189453,
                            -0.8436382412910461,
                            -441.20849609375,
                            -0.11662140488624573,
                            0.8700217008590698,
                            -0.4790215492248535,
                            -250.5201416015625,
                            -0.9701417684555054,
                            0.003482818603515625,
                            0.2425140142440796,
                            126.8307113647461
                        ],
                        "op": "BO_Subtract",
                        "rotation": 0.5199998021125793,
                        "scale": [
