{
    "name": "Lush",
    "planets": [
        {
            "name": "Lush",
            "mass": 10000,
            "position_x": 89200,
            "position_y": -1600,
            "velocity_x": 1.342616319656372,
            "velocity_y": 74.85104370117188,
            "required_thrust_to_move": 0,
            "starting_planet": true,
            "respawn": false,
            "start_destroyed": false,
            "min_spawn_delay": 0,
            "max_spawn_delay": 0,
            "planet": {
                "seed": 1407195136,
                "radius": 600,
                "heightRange": 0,
                "waterHeight": 39,
                "waterDepth": 43,
                "temperature": 100,
                "metalDensity": 0,
                "metalClusters": 0,
                "metalSpotLimit": -1,
                "biomeScale": 50,
                "biome": "tropical",
                "symmetryType": "terrain and CSG",
                "symmetricalMetal": true,
                "symmetricalStarts": true,
                "numArmies": 2,
                "landingZonesPerArmy": 0,
                "landingZoneSize": 0
            },
            "source": {
                "brushes": [
                    {
                        "weight": [
                            1,
                            1,
                            1,
                            1
                        ],
                        "spec": "/pa/terrain/moon/brushes/moon_crater_02.json",
                        "proj": "BP_Bend",
                        "transform": [
                            0.30920112133026123,
                            -0.4448094964027405,
                            -0.8405588865280151,
                            -502.9093933105469,
                            -0.4448094964027405,
                            0.7135845422744751,
                            -0.5412408709526062,
                            -323.82635498046875,
                            0.8405588865280151,
                            0.5412408709526062,
                            0.022785663604736328,
                            13.632743835449219
                        ],
                        "op": "BO_Subtract",
                        "rotation": 0,
                        "scale": [
                            1,
                            1,
                            1
                        ],
                        "height": 598.3035888671875,
                        "position": [
                            -502.9093933105469,
                            -323.8263244628906,
                            13.632766723632812
                        ],
                        "weightHard": false,
                        "weightScale": [
                            1,
                            1,
                            1
                        ],
                        "mirrored": false,
                        "twinId": 65,
                        "flooded": true,
                        "pathable": true,
                        "mergeable": true,
                        "no_features": false
                    },
                    {
                        "weight": [
                            1,
                            1,
                            1,
                            1
                        ],
                        "spec": "/pa/terrain/moon/brushes/moon_crater_02.json",
                        "proj": "BP_Bend",
                        "transform": [
                            0.30920112133026123,
                            -0.4448094964027405,
                            -0.8405588865280151,
                            -502.90936279296875,
                            -0.4448094964027405,
                            0.7135845422744751,
                            -0.5412408709526062,
                            -323.82635498046875,
                            -0.8405588865280151,
                            -0.5412408709526062,
                            -0.022785663604736328,
                            -13.632742881774902
                        ],
                        "op": "BO_Subtract",
                        "rotation": 0,
                        "scale": [
                            1,
                            1,
                            1
                        ],
                        "height": 598.3035888671875,
                        "position": [
                            -502.9093933105469,
                            -323.8263244628906,
                            13.632766723632812
                        ],
                        "weightHard": false,
                        "weightScale": [
                            1,
                            1,
                            1
                        ],
                        "mirrored": true,
                        "twinId": 65,
                        "flooded": true,
                        "pathable": true,
                        "mergeable": true,
                        "no_features": false
                    },
                    {
                        "weight": [
                            1,
                            1,
                            1,
                            1
                        ],
                        "spec": "/pa/terrain/moon/brushes/moon_crater_02.json",
                        "proj": "BP_Bend",
                        "transform": [
                            0.4091988801956177,
                            -0.42621079087257385,
                            -0.8067840337753296,
                            -482.7684020996094,
                            -0.42621079087257385,
                            0.6925265789031982,
                            -0.5820233821868896,
                            -348.2747497558594,
                            0.8067840337753296,
                            0.5820233821868896,
                            0.10172545909881592,
                            60.87110900878906
                        ],
                        "op": "BO_Subtract",
                        "rotation": 0,
                        "scale": [
                            1,
                            1,
                            1
                        ],
                        "height": 598.3861694335938,
                        "position": [
                            -482.7684631347656,
                            -348.2748107910156,
                            60.8711051940918
                        ],
                        "weightHard": false,
                        "weightScale": [
                            1,
                            1,
                            1
                        ],
                        "mirrored": false,
                        "twinId": 66,
                        "flooded": true,
                        "pathable": true,
                        "mergeable": true,
                        "no_features": false
                    },
                    {
                        "weight": [
                            1,
                            1,
                            1,
                            1
                        ],
                        "spec": "/pa/terrain/moon/brushes/moon_crater_02.json",
                        "proj": "BP_Bend",
                        "transform": [
                            0.4091988801956177,
                            -0.42621079087257385,
                            -0.8067840337753296,
                            -482.7684020996094,
                            -0.42621079087257385,
                            0.6925265789031982,
                            -0.5820233821868896,
                            -348.2747497558594,
                            -0.8067840337753296,
                            -0.5820233821868896,
                            -0.10172545909881592,
                            -60.8711051940918
                        ],
                        "op": "BO_Subtract",
                        "rotation": 0,
                        "scale": [
                            1,
                            1,
                            1
                        ],
                        "height": 598.3861694335938,
                        "position": [
                            -482.7684631347656,
                            -348.2748107910156,
                            60.8711051940918
                        ],
                        "weightHard": false,
                        "weightScale": [
                            1,
                            1,
                            1
                        ],
                        "mirrored": true,
                        "twinId": 66,
                        "flooded": true,
                        "pathable": true,
                        "mergeable": true,
                        "no_features": false
                    },
                    {
                        "weight": [
                            1,
                            1,
                            1,
                            1
                        ],
                        "spec": "/pa/terrain/moon/brushes/moon_crater_02.json",
                        "proj": "BP_Bend",
                        "transform": [
                            0.4920954704284668,
                            -0.4171588122844696,
                            -0.7640814781188965,
                            -457.1195373535156,
                            -0.4171588122844696,
                            0.6573736667633057,
                            -0.6275653839111328,
                            -375.4473876953125,
                            0.7640814781188965,
                            0.6275653839111328,
                            0.14946913719177246,
                            89.42143249511719
                        ],
                        "op": "BO_Subtract",
                        "rotation": 0,
                        "scale": [
                            1,
                            1,
                            1
                        ],
                        "height": 598.2601928710938,
                        "position": [
                            -457.11956787109375,
                            -375.4474182128906,
                            89.42134857177734
                        ],
                        "weightHard": false,
                        "weightScale": [
                            1,
                            1,
                            1
                        ],
                        "mirrored": false,
                        "twinId": 67,
                        "flooded": true,
                        "pathable": true,
                        "mergeable": true,
                        "no_features": false
                    },
                    {
                        "weight": [
                            1,
                            1,
                            1,
                            1
                        ],
                        "spec": "/pa/terrain/moon/brushes/moon_crater_02.json",
                        "proj": "BP_Bend",
                        "transform": [
                            0.4920954704284668,
                            -0.4171588122844696,
                            -0.7640814781188965,
                            -457.1195068359375,
                            -0.4171588122844696,
                            0.6573736667633057,
                            -0.6275653839111328,
                            -375.4473876953125,
                            -0.7640814781188965,
                            -0.6275653839111328,
                            -0.14946913719177246,
                            -89.42143249511719
                        ],
                        "op": "BO_Subtract",
                        "rotation": 0,
                        "scale": [
                            1,
                            1,
                            1
                        ],
                        "height": 598.2601928710938,
                        "position": [
                            -457.11956787109375,
                            -375.4474182128906,
                            89.42134857177734
                        ],
                        "weightHard": false,
                        "weightScale": [
                            1,
                            1,
                            1
                        ],
                        "mirrored": true,
                        "twinId": 67,
                        "flooded": true,
                        "pathable": true,
                        "mergeable": true,
                        "no_features": false
                    },
                    {
                        "weight": [
                            1,
                            1,
                            1,
                            1
                        ],
                        "spec": "/pa/terrain/moon/brushes/moon_crater_02.json",
                        "proj": "BP_Bend",
                        "transform": [
                            0.5677270293235779,
                            -0.4088945686817169,
                            -0.7144865989685059,
                            -427.62908935546875,
                            -0.4088945686817169,
                            0.6132194399833679,
                            -0.6758454442024231,
                            -404.5018615722656,
                            0.7144865989685059,
                            0.6758454442024231,
                            0.1809464693069458,
                            108.2987060546875
                        ],
                        "op": "BO_Subtract",
                        "rotation": 0,
                        "scale": [
                            1,
                            1,
                            1
                        ],
                        "height": 598.5123901367188,
                        "position": [
                            -427.629150390625,
                            -404.50189208984375,
                            108.29864501953125
                        ],
                        "weightHard": false,
                        "weightScale": [
                            1,
                            1,
                            1
                        ],
                        "mirrored": false,
                        "twinId": 68,
                        "flooded": true,
                        "pathable": true,
                        "mergeable": true,
                        "no_features": false
                    },
                    {
                        "weight": [
                            1,
                            1,
                            1,
                            1
                        ],
                        "spec": "/pa/terrain/moon/brushes/moon_crater_02.json",
                        "proj": "BP_Bend",
                        "transform": [
                            0.5677270293235779,
                            -0.4088945686817169,
                            -0.7144865989685059,
                            -427.62908935546875,
                            -0.4088945686817169,
                            0.6132194399833679,
                            -0.6758454442024231,
                            -404.5018615722656,
                            -0.7144865989685059,
                            -0.6758454442024231,
                            -0.1809464693069458,
                            -108.29869842529297
                        ],
                        "op": "BO_Subtract",
                        "rotation": 0,
                        "scale": [
                            1,
                            1,
                            1
                        ],
                        "height": 598.5123901367188,
                        "position": [
                            -427.629150390625,
                            -404.50189208984375,
                            108.29864501953125
                        ],
                        "weightHard": false,
                        "weightScale": [
                            1,
                            1,
                            1
                        ],
                        "mirrored": true,
                        "twinId": 68,
                        "flooded": true,
                        "pathable": true,
                        "mergeable": true,
                        "no_features": false
                    },
                    {
                        "weight": [
                            1,
                            1,
                            1,
                            1
                        ],
                        "spec": "/pa/terrain/moon/brushes/moon_crater_02.json",
                        "proj": "BP_Bend",
                        "transform": [
                            0.5413386225700378,
                            -0.06646793335676193,
                            -0.8381733894348145,
                            -503.41851806640625,
                            -0.06646793335676193,
                            0.9903676509857178,
                            -0.121465764939785,
                            -72.95401763916016,
                            0.8381733894348145,
                            0.121465764939785,
                            0.5317062735557556,
                            319.3501281738281
                        ],
                        "op": "BO_Subtract",
                        "rotation": 0,
                        "scale": [
                            1,
                            1,
                            1
                        ],
                        "height": 600.6138305664062,
                        "position": [
                            -503.41845703125,
                            -72.95401000976562,
                            319.3502197265625
                        ],
                        "weightHard": false,
                        "weightScale": [
                            1,
                            1,
                            1
                        ],
                        "mirrored": false,
                        "twinId": 72,
                        "flooded": true,
                        "pathable": true,
                        "mergeable": true,
                        "no_features": false
                    },
                    {
                        "weight": [
                            1,
                            1,
                            1,
                            1
                        ],
                        "spec": "/pa/terrain/moon/brushes/moon_crater_02.json",
                        "proj": "BP_Bend",
                        "transform": [
                            0.5413386225700378,
                            -0.06646793335676193,
                            -0.8381733894348145,
                            -503.41851806640625,
                            -0.06646793335676193,
                            0.9903676509857178,
                            -0.121465764939785,
                            -72.95401763916016,
                            -0.8381733894348145,
                            -0.121465764939785,
                            -0.5317062735557556,
                            -319.3501281738281
                        ],
                        "op": "BO_Subtract",
                        "rotation": 0,
                        "scale": [
                            1,
                            1,
                            1
                        ],
                        "height": 600.6138305664062,
                        "position": [
                            -503.41845703125,
                            -72.95401000976562,
                            319.3502197265625
                        ],
                        "weightHard": false,
                        "weightScale": [
                            1,
                            1,
                            1
                        ],
                        "mirrored": true,
                        "twinId": 72,
                        "flooded": true,
                        "pathable": true,
                        "mergeable": true,
                        "no_features": false
                    },
                    {
                        "weight": [
                            1,
                            1,
                            1,
                            1
                        ],
                        "spec": "/pa/terrain/moon/brushes/moon_crater_02.json",
                        "proj": "BP_Bend",
                        "transform": [
                            0.5861375331878662,
                            -0.02487526461482048,
                            -0.8098297119140625,
                            -486.31939697265625,
                            -0.02487526461482048,
                            0.9985048770904541,
                            -0.04867492988705635,
                            -29.230297088623047,
                            0.8098297119140625,
                            0.04867492988705635,
                            0.5846424102783203,
                            351.08978271484375
                        ],
                        "op": "BO_Subtract",
                        "rotation": 0,
                        "scale": [
                            1,
                            1,
                            1
                        ],
                        "height": 600.5205688476562,
                        "position": [
                            -486.3193359375,
                            -29.23029327392578,
                            351.08978271484375
                        ],
                        "weightHard": false,
                        "weightScale": [
                            1,
                            1,
                            1
                        ],
                        "mirrored": false,
                        "twinId": 73,
                        "flooded": true,
                        "pathable": true,
                        "mergeable": true,
                        "no_features": false
                    },
                    {
                        "weight": [
                            1,
                            1,
                            1,
                            1
                        ],
                        "spec": "/pa/terrain/moon/brushes/moon_crater_02.json",
                        "proj": "BP_Bend",
                        "transform": [
                            0.5861375331878662,
                            -0.02487526461482048,
                            -0.8098297119140625,
                            -486.3194274902344,
                            -0.02487526461482048,
                            0.9985048770904541,
                            -0.04867492988705635,
                            -29.230297088623047,
                            -0.8098297119140625,
                            -0.04867492988705635,
                            -0.5846424102783203,
                            -351.08978271484375
                        ],
                        "op": "BO_Subtract",
                        "rotation": 0,
                        "scale": [
                            1,
                            1,
                            1
                        ],
                        "height": 600.5205688476562,
                        "position": [
                            -486.3193359375,
                            -29.23029327392578,
                            351.08978271484375
                        ],
                        "weightHard": false,
                        "weightScale": [
                            1,
                            1,
                            1
                        ],
                        "mirrored": true,
                        "twinId": 73,
                        "flooded": true,
                        "pathable": true,
                        "mergeable": true,
                        "no_features": false
                    },
                    {
                        "weight": [
                            1,
                            1,
                            1,
                            1
                        ],
                        "spec": "/pa/terrain/moon/brushes/moon_crater_02.json",
                        "proj": "BP_Bend",
                        "transform": [
                            0.6462979316711426,
                            0.0012878039851784706,
                            -0.7630839943885803,
                            -457.79766845703125,
                            0.0012878039851784706,
                            0.9999952912330627,
                            0.0027783347759395838,
                            1.6668089628219604,
                            0.7630839943885803,
                            -0.0027783347759395838,
                            0.6462932825088501,
                            387.7313232421875
                        ],
                        "op": "BO_Subtract",
                        "rotation": 0,
                        "scale": [
                            1,
                            1,
                            1
                        ],
                        "height": 599.930908203125,
                        "position": [
                            -457.7977294921875,
                            1.66680908203125,
                            387.73126220703125
                        ],
                        "weightHard": false,
                        "weightScale": [
                            1,
                            1,
                            1
                        ],
                        "mirrored": false,
                        "twinId": 74,
                        "flooded": true,
                        "pathable": true,
                        "mergeable": true,
                        "no_features": false
                    },
                    {
                        "weight": [
                            1,
                            1,
                            1,
                            1
                        ],
                        "spec": "/pa/terrain/moon/brushes/moon_crater_02.json",
                        "proj": "BP_Bend",
                        "transform": [
                            0.6462979316711426,
                            0.0012878039851784706,
                            -0.7630839943885803,
                            -457.7976379394531,
                            0.0012878039851784706,
                            0.9999952912330627,
                            0.0027783347759395838,
                            1.6668089628219604,
                            -0.7630839943885803,
                            0.0027783347759395838,
                            -0.6462932825088501,
                            -387.7313232421875
                        ],
                        "op": "BO_Subtract",
                        "rotation": 0,
                        "scale": [
                            1,
                            1,
                            1
                        ],
                        "height": 599.930908203125,
                        "position": [
                            -457.7977294921875,
                            1.66680908203125,
                            387.73126220703125
                        ],
                        "weightHard": false,
                        "weightScale": [
                            1,
                            1,
                            1
                        ],
                        "mirrored": true,
                        "twinId": 74,
                        "flooded": true,
                        "pathable": true,
                        "mergeable": true,
                        "no_features": false
                    },
                    {
                        "weight": [
                            1,
                            1,
                            1,
                            1
                        ],
                        "spec": "/pa/terrain/moon/brushes/moon_crater_02.json",
                        "proj": "BP_Bend",
                        "transform": [
                            0.6924329996109009,
                            0.008588750846683979,
                            -0.7214310765266418,
                            -432.69683837890625,
                            0.008588750846683979,
                            0.9997601509094238,
                            0.020145829766988754,
                            12.082979202270508,
                            0.7214310765266418,
                            -0.020145829766988754,
                            0.6921931505203247,
                            415.1606140136719
                        ],
                        "op": "BO_Subtract",
                        "rotation": 0,
                        "scale": [
                            1,
                            1,
                            1
                        ],
                        "height": 599.7756958007812,
                        "position": [
                            -432.69677734375,
                            12.082977294921875,
                            415.16064453125
                        ],
                        "weightHard": false,
                        "weightScale": [
                            1,
                            1,
                            1
                        ],
                        "mirrored": false,
                        "twinId": 75,
                        "flooded": true,
                        "pathable": true,
                        "mergeable": true,
                        "no_features": false
                    },
                    {
                        "weight": [
                            1,
                            1,
                            1,
                            1
                        ],
                        "spec": "/pa/terrain/moon/brushes/moon_crater_02.json",
                        "proj": "BP_Bend",
                        "transform": [
                            0.6924329996109009,
                            0.008588750846683979,
                            -0.7214310765266418,
                            -432.6968688964844,
                            0.008588750846683979,
                            0.9997601509094238,
                            0.020145829766988754,
                            12.082979202270508,
                            -0.7214310765266418,
                            0.020145829766988754,
                            -0.6921931505203247,
                            -415.1606140136719
                        ],
                        "op": "BO_Subtract",
                        "rotation": 0,
                        "scale": [
                            1,
                            1,
                            1
                        ],
                        "height": 599.7756958007812,
                        "position": [
                            -432.69677734375,
                            12.082977294921875,
                            415.16064453125
                        ],
                        "weightHard": false,
                        "weightScale": [
                            1,
                            1,
                            1
                        ],
                        "mirrored": true,
                        "twinId": 75,
                        "flooded": true,
                        "pathable": true,
                        "mergeable": true,
                        "no_features": false
                    },
                    {
                        "weight": [
                            1,
                            1,
                            1,
                            1
                        ],
                        "spec": "/pa/terrain/moon/brushes/moon_crater_02.json",
                        "proj": "BP_Bend",
                        "transform": [
                            0.7432906031608582,
                            0.00817097444087267,
                            -0.6689186692237854,
                            -400.939208984375,
                            0.00817097444087267,
                            0.999739944934845,
                            0.021291458979249,
                            12.761761665344238,
                            0.6689186692237854,
                            -0.021291458979249,
                            0.7430305480957031,
                            445.3606872558594
                        ],
                        "op": "BO_Subtract",
                        "rotation": 0,
                        "scale": [
                            1,
                            1,
                            1
                        ],
                        "height": 599.3840942382812,
                        "position": [
                            -400.9393005371094,
                            12.761764526367188,
                            445.36065673828125
                        ],
                        "weightHard": false,
                        "weightScale": [
                            1,
                            1,
                            1
                        ],
                        "mirrored": false,
                        "twinId": 76,
                        "flooded": true,
                        "pathable": true,
                        "mergeable": true,
                        "no_features": false
                    },
                    {
                        "weight": [
                            1,
                            1,
                            1,
                            1
                        ],
                        "spec": "/pa/terrain/moon/brushes/moon_crater_02.json",
                        "proj": "BP_Bend",
                        "transform": [
                            0.7432906031608582,
                            0.00817097444087267,
                            -0.6689186692237854,
                            -400.939208984375,
                            0.00817097444087267,
                            0.999739944934845,
                            0.021291458979249,
                            12.761761665344238,
                            -0.6689186692237854,
                            0.021291458979249,
                            -0.7430305480957031,
                            -445.3606872558594
                        ],
                        "op": "BO_Subtract",
                        "rotation": 0,
                        "scale": [
                            1,
                            1,
                            1
                        ],
                        "height": 599.3840942382812,
                        "position": [
                            -400.9393005371094,
                            12.761764526367188,
                            445.36065673828125
                        ],
                        "weightHard": false,
                        "weightScale": [
                            1,
                            1,
                            1
                        ],
                        "mirrored": true,
                        "twinId": 76,
                        "flooded": true,
                        "pathable": true,
                        "mergeable": true,
                        "no_features": false
                    },
                    {
                        "weight": [
                            1,
                            1,
                            1,
                            1
                        ],
                        "spec": "/pa/terrain/moon/brushes/moon_crater_02.json",
                        "proj": "BP_Bend",
                        "transform": [
                            0.7845085859298706,
                            0.0019209218444302678,
                            -0.6201149225234985,
                            -371.406494140625,
                            0.0019209218444302678,
                            0.9999828934669495,
                            0.005527795292437077,
                            3.310771942138672,
                            0.6201149225234985,
                            -0.005527795292437077,
                            0.7844914793968201,
                            469.8568115234375
                        ],
                        "op": "BO_Subtract",
                        "rotation": 0,
                        "scale": [
                            1,
                            1,
                            1
                        ],
                        "height": 598.9317016601562,
                        "position": [
                            -371.4065246582031,
                            3.310771942138672,
                            469.8568115234375
                        ],
                        "weightHard": false,
                        "weightScale": [
                            1,
                            1,
                            1
                        ],
                        "mirrored": false,
                        "twinId": 77,
                        "flooded": true,
                        "pathable": true,
                        "mergeable": true,
                        "no_features": false
                    },
                    {
                        "weight": [
                            1,
                            1,
                            1,
                            1
                        ],
                        "spec": "/pa/terrain/moon/brushes/moon_crater_02.json",
                        "proj": "BP_Bend",
                        "transform": [
                            0.7845085859298706,
                            0.0019209218444302678,
                            -0.6201149225234985,
                            -371.406494140625,
                            0.0019209218444302678,
                            0.9999828934669495,
                            0.005527795292437077,
                            3.310772180557251,
                            -0.6201149225234985,
                            0.005527795292437077,
                            -0.7844914793968201,
                            -469.8568115234375
                        ],
                        "op": "BO_Subtract",
                        "rotation": 0,
                        "scale": [
                            1,
                            1,
                            1
                        ],
                        "height": 598.9317016601562,
                        "position": [
                            -371.4065246582031,
                            3.310771942138672,
                            469.8568115234375
                        ],
                        "weightHard": false,
                        "weightScale": [
                            1,
