{
    "name": "Pockets",
	"creator": "TETC",
	"version": "1.0",
    "date": "2018/03/17",
    "players": [
        6,
        6
    ],
    "planets": [
        {
            "name": "Malwa",
            "mass": 5000,
            "position_x": 32800,
            "position_y": -34100,
            "velocity_x": 74.08832550048828,
            "velocity_y": 71.26384735107422,
            "required_thrust_to_move": 3,
            "starting_planet": true,
            "respawn": false,
            "start_destroyed": false,
            "min_spawn_delay": 0,
            "max_spawn_delay": 0,
            "planet": {
                "seed": 349872640,
                "radius": 550,
                "heightRange": 0,
                "waterHeight": 0,
                "waterDepth": 0,
                "temperature": 0,
                "metalDensity": 25,
                "metalClusters": 25,
                "metalSpotLimit": -1,
                "biomeScale": 50,
                "biome": "lava",
                "symmetryType": "none",
                "symmetricalMetal": false,
                "symmetricalStarts": false,
                "numArmies": 2,
                "landingZonesPerArmy": 0,
                "landingZoneSize": 0
            },
            "planetCSG": [
                {
                    "spec": "/pa/terrain/lava/brushes/lava_plateau_09.json",
                    "weight": [
                        0,
                        0,
                        0,
                        0
                    ],
                    "proj": "BP_Bend",
                    "op": "BO_Add",
                    "transform": [
                        0.4883887767791748,
                        0,
                        0.8726261854171753,
                        482.9875183105469,
                        0,
                        1,
                        0,
                        0,
                        -0.8726261854171753,
                        0,
                        0.4883887767791748,
                        270.3169860839844
                    ],
                    "scale": [
                        1,
                        1,
                        1
                    ],
                    "rotation": 0,
                    "position": [
                        482.421142578125,
                        0,
                        270
                    ],
                    "height": 553.4873046875,
                    "weightHard": false,
                    "weightScale": [
                        1,
                        1,
                        1
                    ],
                    "mirrored": false,
                    "twinId": 0,
                    "flooded": false,
                    "pathable": false,
                    "mergeable": false,
                    "no_features": false
                },
                {
                    "spec": "/pa/terrain/lava/brushes/lava_plateau_09.json",
                    "weight": [
                        0,
                        0,
                        0,
                        0
                    ],
                    "proj": "BP_Bend",
                    "op": "BO_Add",
                    "transform": [
                        -0.4883890151977539,
                        0,
                        0.8726262450218201,
                        482.11492919921875,
                        0,
                        1,
                        0,
                        0,
                        -0.8726262450218201,
                        0,
                        -0.4883890151977539,
                        -269.8287353515625
                    ],
                    "scale": [
                        1,
                        1,
                        1
                    ],
                    "rotation": 0,
                    "position": [
                        482.421142578125,
                        0,
                        -270
                    ],
                    "height": 552.4873046875,
                    "weightHard": false,
                    "weightScale": [
                        1,
                        1,
                        1
                    ],
                    "mirrored": false,
                    "twinId": 0,
                    "flooded": false,
                    "pathable": false,
                    "mergeable": false,
                    "no_features": false
                },
                {
                    "spec": "/pa/terrain/lava/brushes/lava_plateau_09.json",
                    "weight": [
                        0,
                        0,
                        0,
                        0
                    ],
                    "proj": "BP_Bend",
                    "op": "BO_Add",
                    "transform": [
                        0.23852360248565674,
                        -0.42618080973625183,
                        0.8726261258125305,
                        483.860107421875,
                        -0.42618080973625183,
                        0.7614763975143433,
                        0.4883887767791748,
                        270.8053894042969,
                        -0.8726261258125305,
                        -0.4883887767791748,
                        0,
                        0
                    ],
                    "scale": [
                        1,
                        1,
                        1
                    ],
                    "rotation": 0,
                    "position": [
                        482.421142578125,
                        270,
                        0
                    ],
                    "height": 554.4873046875,
                    "weightHard": false,
                    "weightScale": [
                        1,
                        1,
                        1
                    ],
                    "mirrored": false,
                    "twinId": 0,
                    "flooded": false,
                    "pathable": false,
                    "mergeable": false,
                    "no_features": false
                },
                {
                    "spec": "/pa/terrain/lava/brushes/lava_plateau_09.json",
                    "weight": [
                        0,
                        0,
                        0,
                        0
                    ],
                    "proj": "BP_Bend",
                    "op": "BO_Add",
                    "transform": [
                        0.23852360248565674,
                        0.42618080973625183,
                        0.8726261258125305,
                        482.1148681640625,
                        0.42618080973625183,
                        0.7614763975143433,
                        -0.4883887767791748,
                        -269.82861328125,
                        -0.8726261258125305,
                        0.4883887767791748,
                        0,
                        0
                    ],
                    "scale": [
                        1,
                        1,
                        1
                    ],
                    "rotation": 0,
                    "position": [
                        482.421142578125,
                        -270,
                        0
                    ],
                    "height": 552.4873046875,
                    "weightHard": false,
                    "weightScale": [
                        1,
                        1,
                        1
                    ],
                    "mirrored": false,
                    "twinId": 0,
                    "flooded": false,
                    "pathable": false,
                    "mergeable": false,
                    "no_features": false
                },
                {
                    "spec": "/pa/terrain/lava/brushes/lava_plateau_09.json",
                    "weight": [
                        0,
                        0,
                        0,
                        0
                    ],
                    "proj": "BP_Bend",
                    "op": "BO_Add",
                    "transform": [
                        3.81437068597279e-8,
                        0.8726263046264648,
                        0.48838868737220764,
                        269.82855224609375,
                        1,
                        -4.371138828673793e-8,
                        0,
                        0,
                        2.1348148138145007e-8,
                        0.48838871717453003,
                        -0.8726262450218201,
                        -482.1149597167969
                    ],
                    "scale": [
                        1,
                        1,
                        1
                    ],
                    "rotation": 1.5707963705062866,
                    "position": [
                        270,
                        0,
                        -482.421142578125
                    ],
                    "height": 552.4873046875,
                    "weightHard": false,
                    "weightScale": [
                        1,
                        1,
                        1
                    ],
                    "mirrored": false,
                    "twinId": 0,
                    "flooded": false,
                    "pathable": false,
                    "mergeable": false,
                    "no_features": false
                },
                {
                    "spec": "/pa/terrain/lava/brushes/lava_plateau_09.json",
                    "weight": [
                        0,
                        0,
                        0,
                        0
                    ],
                    "proj": "BP_Bend",
                    "op": "BO_Add",
                    "transform": [
                        3.81437068597279e-8,
                        0.8726263046264648,
                        -0.48838868737220764,
                        -269.82855224609375,
                        1,
                        -4.371138828673793e-8,
                        0,
                        0,
                        -2.1348148138145007e-8,
                        -0.48838871717453003,
                        -0.8726262450218201,
                        -482.1149597167969
                    ],
                    "scale": [
                        1,
                        1,
                        1
                    ],
                    "rotation": 1.5707963705062866,
                    "position": [
                        -270,
                        0,
                        -482.421142578125
                    ],
                    "height": 552.4873046875,
                    "weightHard": false,
                    "weightScale": [
                        1,
                        1,
                        1
                    ],
                    "mirrored": false,
                    "twinId": 0,
                    "flooded": false,
                    "pathable": false,
                    "mergeable": false,
                    "no_features": false
                },
                {
                    "spec": "/pa/terrain/lava/brushes/lava_plateau_09.json",
                    "weight": [
                        0,
                        0,
                        0,
                        0
                    ],
                    "proj": "BP_Bend",
                    "op": "BO_Add",
                    "transform": [
                        -4.371138828673793e-8,
                        -1,
                        5.3431165876323836e-17,
                        2.9626905177207105e-14,
                        -0.8726263046264648,
                        3.81437068597279e-8,
                        0.48838868737220764,
                        270.8053283691406,
                        -0.48838871717453003,
                        2.1348148138145007e-8,
                        -0.8726262450218201,
                        -483.8601989746094
                    ],
                    "scale": [
                        1,
                        1,
                        1
                    ],
                    "rotation": 1.5707963705062866,
                    "position": [
                        2.95388001981655e-14,
                        270,
                        -482.421142578125
                    ],
                    "height": 554.4873046875,
                    "weightHard": false,
                    "weightScale": [
                        1,
                        1,
                        1
                    ],
                    "mirrored": false,
                    "twinId": 0,
                    "flooded": false,
                    "pathable": false,
                    "mergeable": false,
                    "no_features": false
                },
                {
                    "spec": "/pa/terrain/lava/brushes/lava_plateau_09.json",
                    "weight": [
                        0,
                        0,
                        0,
                        0
                    ],
                    "proj": "BP_Bend",
                    "op": "BO_Add",
                    "transform": [
                        -4.371138828673793e-8,
                        -1,
                        5.3431165876323836e-17,
                        2.95200435005815e-14,
                        -0.8726263046264648,
                        3.81437068597279e-8,
                        -0.48838868737220764,
                        -269.82855224609375,
                        0.48838871717453003,
                        -2.1348148138145007e-8,
                        -0.8726262450218201,
                        -482.1149597167969
                    ],
                    "scale": [
                        1,
                        1,
                        1
                    ],
                    "rotation": 1.5707963705062866,
                    "position": [
                        2.95388001981655e-14,
                        -270,
                        -482.421142578125
                    ],
                    "height": 552.4873046875,
                    "weightHard": false,
                    "weightScale": [
                        1,
                        1,
                        1
                    ],
                    "mirrored": false,
                    "twinId": 0,
                    "flooded": false,
                    "pathable": false,
                    "mergeable": false,
                    "no_features": false
                },
                {
                    "spec": "/pa/terrain/lava/brushes/lava_plateau_09.json",
                    "weight": [
                        0,
                        0,
                        0,
                        0
                    ],
                    "proj": "BP_Bend",
                    "op": "BO_Add",
                    "transform": [
                        1.0405963202231305e-8,
                        0.8726261854171753,
                        -0.48838871717453003,
                        -269.82855224609375,
                        -1,
                        1.1924880638503055e-8,
                        0,
                        0,
                        5.8239773004231665e-9,
                        0.48838871717453003,
                        0.8726261854171753,
                        482.1148986816406
                    ],
                    "scale": [
                        1,
                        1,
                        1
                    ],
                    "rotation": 4.71238899230957,
                    "position": [
                        -270,
                        0,
                        482.421142578125
                    ],
                    "height": 552.4873046875,
                    "weightHard": false,
                    "weightScale": [
                        1,
                        1,
                        1
                    ],
                    "mirrored": false,
                    "twinId": 0,
                    "flooded": false,
                    "pathable": false,
                    "mergeable": false,
                    "no_features": false
                },
                {
                    "spec": "/pa/terrain/lava/brushes/lava_plateau_09.json",
                    "weight": [
                        0,
                        0,
                        0,
                        0
                    ],
                    "proj": "BP_Bend",
                    "op": "BO_Add",
                    "transform": [
                        1.0405963202231305e-8,
                        0.8726261854171753,
                        0.48838871717453003,
                        270.8053283691406,
                        -1,
                        1.1924880638503055e-8,
                        0,
                        0,
                        -5.8239773004231665e-9,
                        -0.48838871717453003,
                        0.8726261854171753,
                        483.8601379394531
                    ],
                    "scale": [
                        1,
                        1,
                        1
                    ],
                    "rotation": 4.71238899230957,
                    "position": [
                        270,
                        0,
                        482.421142578125
                    ],
                    "height": 554.4873046875,
                    "weightHard": false,
                    "weightScale": [
                        1,
                        1,
                        1
                    ],
                    "mirrored": false,
                    "twinId": 0,
                    "flooded": false,
                    "pathable": false,
                    "mergeable": false,
                    "no_features": false
                },
                {
                    "spec": "/pa/terrain/lava/brushes/lava_plateau_09.json",
                    "weight": [
                        0,
                        0,
                        0,
                        0
                    ],
                    "proj": "BP_Bend",
                    "op": "BO_Add",
                    "transform": [
                        1.1924880638503055e-8,
                        1,
                        -1.6029350755513886e-16,
                        -8.888071214348953e-14,
                        -0.8726261854171753,
                        1.0405963202231305e-8,
                        0.48838871717453003,
                        270.8053283691406,
                        0.48838871717453003,
                        -5.8239773004231665e-9,
                        0.8726261854171753,
                        483.8601379394531
                    ],
                    "scale": [
                        1,
                        1,
                        1
                    ],
                    "rotation": 4.71238899230957,
                    "position": [
                        -8.861639720636472e-14,
                        270,
                        482.421142578125
                    ],
                    "height": 554.4873046875,
                    "weightHard": false,
                    "weightScale": [
                        1,
                        1,
                        1
                    ],
                    "mirrored": false,
                    "twinId": 0,
                    "flooded": false,
                    "pathable": false,
                    "mergeable": false,
                    "no_features": false
                },
                {
                    "spec": "/pa/terrain/lava/brushes/lava_plateau_09.json",
                    "weight": [
                        0,
                        0,
                        0,
                        0
                    ],
                    "proj": "BP_Bend",
                    "op": "BO_Add",
                    "transform": [
                        1.1924880638503055e-8,
                        1,
                        -1.6029350755513886e-16,
                        -8.856012711361272e-14,
                        -0.8726261854171753,
                        1.0405963202231305e-8,
                        -0.48838871717453003,
                        -269.82855224609375,
                        -0.48838871717453003,
                        5.8239773004231665e-9,
                        0.8726261854171753,
                        482.1148986816406
                    ],
                    "scale": [
                        1,
                        1,
                        1
                    ],
                    "rotation": 4.71238899230957,
                    "position": [
                        -8.861639720636472e-14,
                        -270,
                        482.421142578125
                    ],
                    "height": 552.4873046875,
                    "weightHard": false,
                    "weightScale": [
                        1,
                        1,
                        1
                    ],
                    "mirrored": false,
                    "twinId": 0,
                    "flooded": false,
                    "pathable": false,
                    "mergeable": false,
                    "no_features": false
                },
                {
                    "spec": "/pa/terrain/lava/brushes/lava_plateau_09.json",
                    "weight": [
                        0,
                        0,
                        0,
                        0
                    ],
                    "proj": "BP_Bend",
                    "op": "BO_Add",
                    "transform": [
                        -4.371138828673793e-8,
                        -1,
                        5.343117580249119e-17,
                        2.957347772702609e-14,
                        0.4883887767791748,
                        -2.1348151690858685e-8,
                        0.8726261258125305,
                        482.9875183105469,
                        -0.8726261854171753,
                        3.814370330701422e-8,
                        0.4883887469768524,
                        270.3169860839844
                    ],
                    "scale": [
                        1,
                        1,
                        1
                    ],
                    "rotation": 1.5707963705062866,
                    "position": [
                        2.95388001981655e-14,
                        482.421142578125,
                        270
                    ],
                    "height": 553.4873046875,
                    "weightHard": false,
                    "weightScale": [
                        1,
                        1,
                        1
                    ],
                    "mirrored": false,
                    "twinId": 0,
                    "flooded": false,
                    "pathable": false,
                    "mergeable": false,
                    "no_features": false
                },
                {
                    "spec": "/pa/terrain/lava/brushes/lava_plateau_09.json",
                    "weight": [
                        0,
                        0,
                        0,
                        0
                    ],
                    "proj": "BP_Bend",
                    "op": "BO_Add",
                    "transform": [
                        -4.371138828673793e-8,
                        -1,
                        5.343117580249119e-17,
                        2.952004688871329e-14,
                        -0.4883890151977539,
                        2.1348162348999722e-8,
                        0.8726261854171753,
                        482.11492919921875,
                        -0.8726262450218201,
                        3.814370330701422e-8,
                        -0.4883889853954315,
                        -269.8287353515625
                    ],
                    "scale": [
                        1,
                        1,
                        1
                    ],
                    "rotation": 1.5707963705062866,
                    "position": [
                        2.95388001981655e-14,
                        482.421142578125,
                        -270
                    ],
                    "height": 552.4873046875,
                    "weightHard": false,
                    "weightScale": [
                        1,
                        1,
                        1
                    ],
                    "mirrored": false,
                    "twinId": 0,
                    "flooded": false,
                    "pathable": false,
                    "mergeable": false,
                    "no_features": false
                },
                {
                    "spec": "/pa/terrain/lava/brushes/lava_plateau_09.json",
                    "weight": [
                        0,
                        0,
                        0,
                        0
                    ],
                    "proj": "BP_Bend",
                    "op": "BO_Add",
                    "transform": [
                        0.42618077993392944,
                        -0.7614763975143433,
                        -0.4883887469768524,
                        -270.8053894042969,
                        0.23852358758449554,
                        -0.42618080973625183,
                        0.8726260662078857,
                        483.860107421875,
                        -0.8726261258125305,
                        -0.4883887469768524,
                        0,
                        0
                    ],
                    "scale": [
                        1,
                        1,
                        1
                    ],
                    "rotation": 1.5707963705062866,
                    "position": [
                        -270,
                        482.421142578125,
                        0
                    ],
                    "height": 554.4873046875,
                    "weightHard": false,
                    "weightScale": [
                        1,
                        1,
                        1
                    ],
                    "mirrored": false,
                    "twinId": 0,
                    "flooded": false,
                    "pathable": false,
                    "mergeable": false,
                    "no_features": false
                },
                {
                    "spec": "/pa/terrain/lava/brushes/lava_plateau_09.json",
                    "weight": [
                        0,
                        0,
                        0,
                        0
                    ],
                    "proj": "BP_Bend",
                    "op": "BO_Add",
                    "transform": [
                        -0.4261808395385742,
                        -0.7614763975143433,
                        0.4883887469768524,
                        269.82861328125,
                        0.23852361738681793,
                        0.42618080973625183,
                        0.8726260662078857,
                        482.1148681640625,
                        -0.8726261258125305,
                        0.4883888065814972,
                        0,
                        0
                    ],
                    "scale": [
                        1,
                        1,
                        1
                    ],
                    "rotation": 1.5707963705062866,
                    "position": [
                        270,
                        482.421142578125,
                        0
                    ],
                    "height": 552.4873046875,
                    "weightHard": false,
                    "weightScale": [
                        1,
                        1,
                        1
                    ],
                    "mirrored": false,
                    "twinId": 0,
                    "flooded": false,
                    "pathable": false,
                    "mergeable": false,
                    "no_features": false
                },
                {
                    "spec": "/pa/terrain/lava/brushes/lava_plateau_09.json",
                    "weight": [
                        0,
                        0,
                        0,
                        0
                    ],
                    "proj": "BP_Bend",
                    "op": "BO_Add",
                    "transform": [
                        -0.4883887767791748,
                        4.269630338171737e-8,
                        -0.8726261854171753,
                        -482.1148986816406,
                        -8.742277657347586e-8,
                        -1,
                        1.0686235822242727e-16,
                        5.904009377742658e-14,
                        -0.8726261854171753,
                        7.628740661402844e-8,
                        0.4883887767791748,
                        269.82861328125
                    ],
                    "scale": [
                        1,
                        1,
                        1
                    ],
                    "rotation": 3.1415927410125732,
                    "position": [
                        -482.421142578125,
                        5.9077600396331e-14,
                        270
                    ],
                    "height": 552.4873046875,
                    "weightHard": false,
                    "weightScale": [
                        1,
                        1,
                        1
                    ],
                    "mirrored": false,
                    "twinId": 0,
                    "flooded": false,
                    "pathable": false,
                    "mergeable": false,
                    "no_features": false
                },
                {
                    "spec": "/pa/terrain/lava/brushes/lava_plateau_09.json",
                    "weight": [
                        0,
                        0,
                        0,
                        0
                    ],
                    "proj": "BP_Bend",
                    "op": "BO_Add",
                    "transform": [
                        0.4883890151977539,
                        -4.2696324697999444e-8,
                        -0.8726262450218201,
                        -482.11492919921875,
                        -8.742277657347586e-8,
                        -1,
                        1.0686235822242727e-16,
                        5.904009377742658e-14,
                        -0.8726262450218201,
                        7.628740661402844e-8,
                        -0.4883890151977539,
                        -269.8287353515625
                    ],
                    "scale": [
                        1,
                        1,
                        1
                    ],
                    "rotation": 3.1415927410125732,
                    "position": [
                        -482.421142578125,
                        5.9077600396331e-14,
                        -270
                    ],
                    "height": 552.4873046875,
                    "weightHard": false,
                    "weightScale": [
                        1,
                        1,
                        1
                    ],
                    "mirrored": false,
                    "twinId": 0,
                    "flooded": false,
                    "pathable": false,
                    "mergeable": false,
                    "no_features": false
                },
                {
                    "spec": "/pa/terrain/lava/brushes/lava_plateau_09.json",
                    "weight": [
                        0,
                        0,
                        0,
                        0
                    ],
                    "proj": "BP_Bend",
                    "op": "BO_Add",
                    "transform": [
                        -0.23852355778217316,
                        0.4261808395385742,
                        -0.8726261258125305,
                        -483.860107421875,
                        0.42618075013160706,
                        -0.761476457118988,
                        -0.4883887767791748,
                        -270.8053894042969,
                        -0.8726261854171753,
                        -0.48838868737220764,
                        0,
                        0
                    ],
                    "scale": [
                        1,
                        1,
                        1
                    ],
                    "rotation": 3.1415927410125732,
                    "position": [
                        -482.421142578125,
                        -270,
                        0
                    ],
                    "height": 554.4873046875,
                    "weightHard": false,
                    "weightScale": [
                        1,
                        1,
                        1
                    ],
                    "mirrored": false,
                    "twinId": 0,
                    "flooded": false,
                    "pathable": false,
                    "mergeable": false,
                    "no_features": false
                },
                {
                    "spec": "/pa/terrain/lava/brushes/lava_plateau_09.json",
                    "weight": [
                        0,
                        0,
                        0,
                        0
                    ],
                    "proj": "BP_Bend",
                    "op": "BO_Add",
                    "transform": [
                        -0.23852364718914032,
                        -0.42618077993392944,
                        -0.8726261258125305,
                        -482.1148681640625,
                        -0.4261808693408966,
                        -0.7614763379096985,
                        0.4883887767791748,
                        269.82861328125,
                        -0.8726260662078857,
                        0.48838886618614197,
                        0,
                        0
                    ],
                    "scale": [
                        1,
                        1,
                        1
                    ],
                    "rotation": 3.1415927410125732,
                    "position": [
                        -482.421142578125,
                        270,
                        0
                    ],
                    "height": 552.4873046875,
                    "weightHard": false,
                    "weightScale": [
                        1,
                        1,
                        1
                    ],
                    "mirrored": false,
                    "twinId": 0,
                    "flooded": false,
                    "pathable": false,
                    "mergeable": false,
                    "no_features": false
                },
                {
                    "spec": "/pa/terrain/lava/brushes/lava_plateau_09.json",
                    "weight": [
                        0,
                        0,
                        0,
                        0
                    ],
                    "proj": "BP_Bend",
                    "op": "BO_Add",
                    "transform": [
                        1.1924880638503055e-8,
                        1,
                        -1.6029353402491846e-16,
                        -8.856014066613987e-14,
                        -0.4883887767791748,
                        5.823977744512376e-9,
                        -0.8726261854171753,
                        -482.1148986816406,
                        -0.8726261854171753,
                        1.0405963202231305e-8,
                        0.4883887767791748,
                        269.82861328125
                    ],
                    "scale": [
                        1,
                        1,
                        1
                    ],
                    "rotation": 4.71238899230957,
                    "position": [
                        -8.861639720636472e-14,
                        -482.421142578125,
                        270
                    ],
                    "height": 552.4873046875,
                    "weightHard": false,
                    "weightScale": [
                        1,
                        1,
                        1
                    ],
                    "mirrored": false,
                    "twinId": 0,
                    "flooded": false,
                    "pathable": false,
                    "mergeable": false,
                    "no_features": false
                },
                {
                    "spec": "/pa/terrain/lava/brushes/lava_plateau_09.json",
                    "weight": [
                        0,
                        0,
                        0,
                        0
                    ],
                    "proj": "BP_Bend",
                    "op": "BO_Add",
                    "transform": [
                        1.1924880638503055e-8,
                        1,
                        -1.6029354725980826e-16,
                        -8.856014744240345e-14,
                        0.4883890151977539,
                        -5.823981297226055e-9,
                        -0.8726262450218201,
                        -482.11492919921875,
                        -0.8726262450218201,
                        1.0405964090409725e-8,
                        -0.4883890151977539,
                        -269.8287353515625
                    ],
                    "scale": [
                        1,
                        1,
                        1
                    ],
                    "rotation": 4.71238899230957,
                    "position": [
                        -8.861639720636472e-14,
                        -482.421142578125,
                        -270
                    ],
                    "height": 552.4873046875,
                    "weightHard": false,
                    "weightScale": [
                        1,
                        1,
                        1
                    ],
                    "mirrored": false,
                    "twinId": 0,
                    "flooded": false,
                    "pathable": false,
                    "mergeable": false,
                    "no_features": false
                },
                {
                    "spec": "/pa/terrain/lava/brushes/lava_plateau_09.json",
                    "weight": [
                        0,
                        0,
                        0,
                        0
                    ],
                    "proj": "BP_Bend",
                    "op": "BO_Add",
                    "transform": [
                        -0.42618080973625183,
                        0.7614763975143433,
                        0.4883887767791748,
                        270.8053894042969,
                        -0.23852360248565674,
                        0.42618080973625183,
                        -0.8726261258125305,
                        -483.860107421875,
                        -0.8726261258125305,
                        -0.4883887767791748,
                        0,
                        0
                    ],
                    "scale": [
                        1,
                        1,
