{
    "name": "Sauron",
    "creator": "superouman",
    "version": "1.0",
    "date": "2015/09/07",
    "description": "A lot more metal than the usual. The idea is to allow players to build bigger armies and have more opportunities to go t2.",
    "planets": [
        {
            "name": "Sauron",
            "mass": 10000,
            "position_x": 96800,
            "position_y": -200,
            "velocity_x": 0.14848801493644714,
            "velocity_y": 71.86972045898438,
            "required_thrust_to_move": 0,
            "starting_planet": true,
            "respawn": false,
            "start_destroyed": false,
            "min_spawn_delay": 0,
            "max_spawn_delay": 0,
            "planet": {
                "seed": 1496673536,
                "radius": 450,
                "heightRange": 0,
                "waterHeight": 0,
                "waterDepth": 100,
                "temperature": 100,
                "metalDensity": 0,
                "metalClusters": 0,
                "metalSpotLimit": -1,
                "biomeScale": 50,
                "biome": "lava",
                "symmetryType": "terrain and CSG",
                "symmetricalMetal": true,
                "symmetricalStarts": true,
                "numArmies": 2,
                "landingZonesPerArmy": 0,
                "landingZoneSize": 0
            },
            "source": {
                "brushes": [
                    {
                        "weight": [
                            1,
                            1,
                            1,
                            1
                        ],
                        "spec": "/pa/terrain/lava/brushes/lava_volcano_05.json",
                        "proj": "BP_Bend",
                        "transform": [
                            0.5516488552093506,
                            0.25806087255477905,
                            0.7931507229804993,
                            357.63690185546875,
                            0.25806087255477905,
                            0.8514659404754639,
                            -0.45651975274086,
                            -205.8477783203125,
                            -0.7931507229804993,
                            0.45651975274086,
                            0.40311479568481445,
                            181.7671356201172
                        ],
                        "op": "BO_Add",
                        "rotation": 0,
                        "scale": [
                            1,
                            1,
                            1
                        ],
                        "height": 450.9066162109375,
                        "position": [
                            357.636962890625,
                            -205.84779357910156,
                            181.76707458496094
                        ],
                        "weightHard": false,
                        "weightScale": [
                            1,
                            1,
                            1
                        ],
                        "mirrored": false,
                        "twinId": 0,
                        "flooded": false,
                        "pathable": false,
                        "mergeable": false,
                        "no_features": false
                    },
                    {
                        "weight": [
                            1,
                            1,
                            1,
                            1
                        ],
                        "spec": "/pa/terrain/lava/brushes/lava_volcano_05.json",
                        "proj": "BP_Bend",
                        "transform": [
                            0.5516488552093506,
                            0.25806087255477905,
                            0.7931507229804993,
                            357.6368713378906,
                            0.25806087255477905,
                            0.8514659404754639,
                            -0.45651975274086,
                            -205.8477783203125,
                            0.7931507229804993,
                            -0.45651975274086,
                            -0.40311479568481445,
                            -181.7671356201172
                        ],
                        "op": "BO_Add",
                        "rotation": 0,
                        "scale": [
                            1,
                            1,
                            1
                        ],
                        "height": 450.9066162109375,
                        "position": [
                            357.636962890625,
                            -205.84779357910156,
                            181.76707458496094
                        ],
                        "weightHard": false,
                        "weightScale": [
                            1,
                            1,
                            1
                        ],
                        "mirrored": true,
                        "twinId": 0,
                        "flooded": false,
                        "pathable": false,
                        "mergeable": false,
                        "no_features": false
                    },
                    {
                        "weight": [
                            1,
                            1,
                            1,
                            1
                        ],
                        "spec": "/pa/terrain/lava/brushes/lava_volcano_04.json",
                        "proj": "BP_Bend",
                        "transform": [
                            0.7777944803237915,
                            0.18956734240055084,
                            -0.2856570780277252,
                            -151.3494415283203,
                            0.18956734240055084,
                            0.35231268405914307,
                            0.7499599456787109,
                            397.35064697265625,
                            0.2856570780277252,
                            -0.7499599456787109,
                            0.28010720014572144,
                            148.40896606445312
                        ],
                        "op": "BO_Add",
                        "rotation": 0,
                        "scale": [
                            0.8500000238418579,
                            0.8500000238418579,
                            0.8500000238418579
                        ],
                        "height": 450.35479736328125,
                        "position": [
                            -151.34947204589844,
                            397.3507080078125,
                            148.408935546875
                        ],
                        "weightHard": false,
                        "weightScale": [
                            1,
                            1,
                            1
                        ],
                        "mirrored": false,
                        "twinId": 0,
                        "flooded": false,
                        "pathable": false,
                        "mergeable": false,
                        "no_features": false
                    },
                    {
                        "weight": [
                            1,
                            1,
                            1,
                            1
                        ],
                        "spec": "/pa/terrain/lava/brushes/lava_volcano_04.json",
                        "proj": "BP_Bend",
                        "transform": [
                            0.7777944803237915,
                            0.18956734240055084,
                            -0.2856570780277252,
                            -151.3494415283203,
                            0.18956734240055084,
                            0.35231268405914307,
                            0.7499599456787109,
                            397.35064697265625,
                            -0.2856570780277252,
                            0.7499599456787109,
                            -0.28010720014572144,
                            -148.40896606445312
                        ],
                        "op": "BO_Add",
                        "rotation": 0,
                        "scale": [
                            0.8500000238418579,
                            0.8500000238418579,
                            0.8500000238418579
                        ],
                        "height": 450.35479736328125,
                        "position": [
                            -151.34947204589844,
                            397.3507080078125,
                            148.408935546875
                        ],
                        "weightHard": false,
                        "weightScale": [
                            1,
                            1,
                            1
                        ],
                        "mirrored": true,
                        "twinId": 0,
                        "flooded": false,
                        "pathable": false,
                        "mergeable": false,
                        "no_features": false
                    },
                    {
                        "weight": [
                            1,
                            1,
                            1,
                            1
                        ],
                        "spec": "/pa/terrain/lava/brushes/lava_plateau_06.json",
                        "proj": "BP_Bend",
                        "transform": [
                            0.8527069091796875,
                            0.31240397691726685,
                            -0.4186820685863495,
                            -188.49342346191406,
                            0.31240397691726685,
                            0.33740103244781494,
                            0.8880113959312439,
                            399.78857421875,
                            0.4186820685863495,
                            -0.8880113959312439,
                            0.19010794162750244,
                            85.58784484863281
                        ],
                        "op": "BO_Add",
                        "rotation": 0,
                        "scale": [
                            1,
                            1,
                            1
                        ],
                        "height": 450.2065734863281,
                        "position": [
                            -188.493408203125,
                            399.78857421875,
                            85.58784484863281
                        ],
                        "weightHard": false,
                        "weightScale": [
                            1,
                            1,
                            1
                        ],
                        "mirrored": false,
                        "twinId": 0,
                        "flooded": false,
                        "pathable": false,
                        "mergeable": false,
                        "no_features": false
                    },
                    {
                        "weight": [
                            1,
                            1,
                            1,
                            1
                        ],
                        "spec": "/pa/terrain/lava/brushes/lava_plateau_06.json",
                        "proj": "BP_Bend",
                        "transform": [
                            0.8527069091796875,
                            0.31240397691726685,
                            -0.4186820685863495,
                            -188.49342346191406,
                            0.31240397691726685,
                            0.33740103244781494,
                            0.8880113959312439,
                            399.78857421875,
                            -0.4186820685863495,
                            0.8880113959312439,
                            -0.19010794162750244,
                            -85.58783721923828
                        ],
                        "op": "BO_Add",
                        "rotation": 0,
                        "scale": [
                            1,
                            1,
                            1
                        ],
                        "height": 450.2065734863281,
                        "position": [
                            -188.493408203125,
                            399.78857421875,
                            85.58784484863281
                        ],
                        "weightHard": false,
                        "weightScale": [
                            1,
                            1,
                            1
                        ],
                        "mirrored": true,
                        "twinId": 0,
                        "flooded": false,
                        "pathable": false,
                        "mergeable": false,
                        "no_features": false
                    },
                    {
                        "weight": [
                            1,
                            1,
                            1,
                            1
                        ],
                        "spec": "/pa/terrain/lava/brushes/lava_plateau_07.json",
                        "proj": "BP_Bend",
                        "transform": [
                            0.7337750196456909,
                            0.4242349863052368,
                            -0.5306589603424072,
                            -238.5176544189453,
                            0.4242349863052368,
                            0.32397282123565674,
                            0.8456159830093384,
                            380.0827941894531,
                            0.5306589603424072,
                            -0.8456159830093384,
                            0.057747840881347656,
                            25.956178665161133
                        ],
                        "op": "BO_Add",
                        "rotation": 0,
                        "scale": [
                            1,
                            1,
                            1
                        ],
                        "height": 449.4744567871094,
                        "position": [
                            -238.5176239013672,
                            380.082763671875,
                            25.9561767578125
                        ],
                        "weightHard": false,
                        "weightScale": [
                            1,
                            1,
                            1
                        ],
                        "mirrored": false,
                        "twinId": 0,
                        "flooded": false,
                        "pathable": false,
                        "mergeable": false,
                        "no_features": false
                    },
                    {
                        "weight": [
                            1,
                            1,
                            1,
                            1
                        ],
                        "spec": "/pa/terrain/lava/brushes/lava_plateau_07.json",
                        "proj": "BP_Bend",
                        "transform": [
                            0.7337750196456909,
                            0.4242349863052368,
                            -0.5306589603424072,
                            -238.51766967773438,
                            0.4242349863052368,
                            0.32397282123565674,
                            0.8456159830093384,
                            380.08282470703125,
                            -0.5306589603424072,
                            0.8456159830093384,
                            -0.057747840881347656,
                            -25.956178665161133
                        ],
                        "op": "BO_Add",
                        "rotation": 0,
                        "scale": [
                            1,
                            1,
                            1
                        ],
                        "height": 449.4744567871094,
                        "position": [
                            -238.5176239013672,
                            380.082763671875,
                            25.9561767578125
                        ],
                        "weightHard": false,
                        "weightScale": [
                            1,
                            1,
                            1
                        ],
                        "mirrored": true,
                        "twinId": 0,
                        "flooded": false,
                        "pathable": false,
                        "mergeable": false,
                        "no_features": false
                    },
                    {
                        "weight": [
                            1,
                            1,
                            1,
                            1
                        ],
                        "spec": "/pa/terrain/lava/brushes/lava_volcano_06.json",
                        "proj": "BP_Bend",
                        "transform": [
                            0.6066567897796631,
                            0.35856863856315613,
                            0.7095040678977966,
                            319.07763671875,
                            0.35856863856315613,
                            0.6731315851211548,
                            -0.6467785239219666,
                            -290.8687438964844,
                            -0.7095040678977966,
                            0.6467785239219666,
                            0.27978837490081787,
                            125.82621765136719
                        ],
                        "op": "BO_Add",
                        "rotation": 0,
                        "scale": [
                            1,
                            1,
                            1
                        ],
                        "height": 449.71923828125,
                        "position": [
                            319.07763671875,
                            -290.8687438964844,
                            125.82623291015625
                        ],
                        "weightHard": false,
                        "weightScale": [
                            1,
                            1,
                            1
                        ],
                        "mirrored": false,
                        "twinId": 0,
                        "flooded": false,
                        "pathable": false,
                        "mergeable": false,
                        "no_features": false
                    },
                    {
                        "weight": [
                            1,
                            1,
                            1,
                            1
                        ],
                        "spec": "/pa/terrain/lava/brushes/lava_volcano_06.json",
                        "proj": "BP_Bend",
                        "transform": [
                            0.6066567897796631,
                            0.35856863856315613,
                            0.7095040678977966,
                            319.07763671875,
                            0.35856863856315613,
                            0.6731315851211548,
                            -0.6467785239219666,
                            -290.8687438964844,
                            0.7095040678977966,
                            -0.6467785239219666,
                            -0.27978837490081787,
                            -125.82621765136719
                        ],
                        "op": "BO_Add",
                        "rotation": 0,
                        "scale": [
                            1,
                            1,
                            1
                        ],
                        "height": 449.71923828125,
                        "position": [
                            319.07763671875,
                            -290.8687438964844,
                            125.82623291015625
                        ],
                        "weightHard": false,
                        "weightScale": [
                            1,
                            1,
                            1
                        ],
                        "mirrored": true,
                        "twinId": 0,
                        "flooded": false,
                        "pathable": false,
                        "mergeable": false,
                        "no_features": false
                    },
                    {
                        "weight": [
                            1,
                            1,
                            1,
                            1
                        ],
                        "spec": "/pa/terrain/lava/brushes/lava_plateau_02.json",
                        "proj": "BP_Bend",
                        "transform": [
                            0.6734272241592407,
                            0.1883649379014969,
                            0.7148528099060059,
                            322.1084289550781,
                            0.1883649379014969,
                            0.8913524150848389,
                            -0.41232216358184814,
                            -185.7899169921875,
                            -0.7148528099060059,
                            0.41232216358184814,
                            0.5647795796394348,
                            254.486328125
                        ],
                        "op": "BO_Add",
                        "rotation": 0,
                        "scale": [
                            1,
                            1,
                            1
                        ],
                        "height": 450.59405517578125,
                        "position": [
                            322.1083984375,
                            -185.78990173339844,
                            254.486328125
                        ],
                        "weightHard": false,
                        "weightScale": [
                            1,
                            1,
                            1
                        ],
                        "mirrored": false,
                        "twinId": 0,
                        "flooded": false,
                        "pathable": false,
                        "mergeable": false,
                        "no_features": false
                    },
                    {
                        "weight": [
                            1,
                            1,
                            1,
                            1
                        ],
                        "spec": "/pa/terrain/lava/brushes/lava_plateau_02.json",
                        "proj": "BP_Bend",
                        "transform": [
                            0.6734272241592407,
                            0.1883649379014969,
                            0.7148528099060059,
                            322.1084289550781,
                            0.1883649379014969,
                            0.8913524150848389,
                            -0.41232216358184814,
                            -185.7899169921875,
                            0.7148528099060059,
                            -0.41232216358184814,
                            -0.5647795796394348,
                            -254.48634338378906
                        ],
                        "op": "BO_Add",
                        "rotation": 0,
                        "scale": [
                            1,
                            1,
                            1
                        ],
                        "height": 450.59405517578125,
                        "position": [
                            322.1083984375,
                            -185.78990173339844,
                            254.486328125
                        ],
                        "weightHard": false,
                        "weightScale": [
                            1,
                            1,
                            1
                        ],
                        "mirrored": true,
                        "twinId": 0,
                        "flooded": false,
                        "pathable": false,
                        "mergeable": false,
                        "no_features": false
                    },
                    {
                        "weight": [
                            1,
                            1,
                            1,
                            1
                        ],
                        "spec": "/pa/terrain/lava/brushes/lava_plateau_07.json",
                        "proj": "BP_Bend",
                        "transform": [
                            0.6299362182617188,
                            0.4493565857410431,
                            0.6334500908851624,
                            285.06201171875,
                            0.4493565857410431,
                            0.4543607234954834,
                            -0.7691781520843506,
                            -346.14166259765625,
                            -0.6334500908851624,
                            0.7691781520843506,
                            0.08429694175720215,
                            37.93488311767578
                        ],
                        "op": "BO_Add",
                        "rotation": 0,
                        "scale": [
                            1,
                            1,
                            1
                        ],
                        "height": 450.01495361328125,
                        "position": [
                            285.06201171875,
                            -346.14166259765625,
                            37.934898376464844
                        ],
                        "weightHard": false,
                        "weightScale": [
                            1,
                            1,
                            1
                        ],
                        "mirrored": false,
                        "twinId": 0,
                        "flooded": false,
                        "pathable": false,
                        "mergeable": false,
                        "no_features": false
                    },
                    {
                        "weight": [
                            1,
                            1,
                            1,
                            1
                        ],
                        "spec": "/pa/terrain/lava/brushes/lava_plateau_07.json",
                        "proj": "BP_Bend",
                        "transform": [
                            0.6299362182617188,
                            0.4493565857410431,
                            0.6334500908851624,
                            285.06201171875,
                            0.4493565857410431,
                            0.4543607234954834,
                            -0.7691781520843506,
                            -346.14166259765625,
                            0.6334500908851624,
                            -0.7691781520843506,
                            -0.08429694175720215,
                            -37.93488311767578
                        ],
                        "op": "BO_Add",
                        "rotation": 0,
                        "scale": [
                            1,
                            1,
                            1
                        ],
                        "height": 450.01495361328125,
                        "position": [
                            285.06201171875,
                            -346.14166259765625,
                            37.934898376464844
                        ],
                        "weightHard": false,
                        "weightScale": [
                            1,
                            1,
                            1
                        ],
                        "mirrored": true,
                        "twinId": 0,
                        "flooded": false,
                        "pathable": false,
                        "mergeable": false,
                        "no_features": false
                    },
                    {
                        "weight": [
                            1,
                            1,
                            1,
                            1
                        ],
                        "spec": "/pa/terrain/lava/brushes/lava_plateau_05.json",
                        "proj": "BP_Bend",
                        "transform": [
                            -0.05561719089746475,
                            0.2675130367279053,
                            0.9619477391242981,
                            432.8342590332031,
                            -0.45742514729499817,
                            0.8495576977729797,
                            -0.2627049684524536,
                            -118.20570373535156,
                            -0.8875070810317993,
                            -0.4546300172805786,
                            0.07511717081069946,
                            33.79943084716797
                        ],
                        "op": "BO_Add",
                        "rotation": -0.7399995923042297,
                        "scale": [
                            1,
                            1,
                            1
                        ],
                        "height": 449.95611572265625,
                        "position": [
                            432.83428955078125,
                            -118.20571899414062,
                            33.799476623535156
                        ],
                        "weightHard": false,
                        "weightScale": [
                            1,
                            1,
                            1
                        ],
                        "mirrored": false,
                        "twinId": 0,
                        "flooded": false,
                        "pathable": false,
                        "mergeable": false,
                        "no_features": false
                    },
                    {
                        "weight": [
                            1,
                            1,
                            1,
                            1
                        ],
                        "spec": "/pa/terrain/lava/brushes/lava_plateau_05.json",
                        "proj": "BP_Bend",
                        "transform": [
                            -0.05561719089746475,
                            0.2675130367279053,
                            0.9619477391242981,
                            432.8342590332031,
                            -0.45742514729499817,
                            0.8495576977729797,
                            -0.2627049684524536,
                            -118.20570373535156,
                            0.8875070810317993,
                            0.4546300172805786,
                            -0.07511717081069946,
                            -33.799434661865234
                        ],
                        "op": "BO_Add",
                        "rotation": -0.7399995923042297,
                        "scale": [
                            1,
                            1,
                            1
                        ],
                        "height": 449.95611572265625,
                        "position": [
                            432.83428955078125,
                            -118.20571899414062,
                            33.799476623535156
                        ],
                        "weightHard": false,
                        "weightScale": [
                            1,
                            1,
                            1
                        ],
                        "mirrored": true,
                        "twinId": 0,
                        "flooded": false,
                        "pathable": false,
                        "mergeable": false,
                        "no_features": false
                    },
                    {
                        "weight": [
                            1,
                            1,
                            1,
                            1
                        ],
                        "spec": "/pa/terrain/lava/brushes/lava_plateau_04.json",
                        "proj": "BP_Bend",
                        "transform": [
                            0.41219955682754517,
                            0.28167852759361267,
                            0.8664575219154358,
                            390.3125305175781,
                            0.28167852759361267,
                            0.8650174736976624,
                            -0.41521313786506653,
                            -187.04078674316406,
                            -0.8664575219154358,
                            0.41521313786506653,
                            0.2772170305252075,
                            124.87776947021484
                        ],
                        "op": "BO_Add",
                        "rotation": 0,
                        "scale": [
                            1,
                            1,
                            1
                        ],
                        "height": 450.4693298339844,
                        "position": [
                            390.31256103515625,
                            -187.04080200195312,
                            124.8777847290039
                        ],
                        "weightHard": false,
                        "weightScale": [
                            1,
                            1,
                            1
                        ],
                        "mirrored": false,
                        "twinId": 0,
                        "flooded": false,
                        "pathable": false,
                        "mergeable": false,
                        "no_features": false
                    },
                    {
                        "weight": [
                            1,
                            1,
                            1,
                            1
                        ],
                        "spec": "/pa/terrain/lava/brushes/lava_plateau_04.json",
                        "proj": "BP_Bend",
                        "transform": [
                            0.41219955682754517,
                            0.28167852759361267,
                            0.8664575219154358,
                            390.3125,
                            0.28167852759361267,
                            0.8650174736976624,
                            -0.41521313786506653,
                            -187.04078674316406,
                            0.8664575219154358,
                            -0.41521313786506653,
                            -0.2772170305252075,
                            -124.87776184082031
                        ],
                        "op": "BO_Add",
                        "rotation": 0,
                        "scale": [
                            1,
                            1,
                            1
                        ],
                        "height": 450.4693298339844,
                        "position": [
                            390.31256103515625,
                            -187.04080200195312,
                            124.8777847290039
                        ],
                        "weightHard": false,
                        "weightScale": [
                            1,
                            1,
                            1
                        ],
                        "mirrored": true,
                        "twinId": 0,
                        "flooded": false,
                        "pathable": false,
                        "mergeable": false,
                        "no_features": false
                    },
                    {
                        "weight": [
                            1,
                            1,
                            1,
                            1
                        ],
                        "spec": "/pa/terrain/lava/brushes/lava_plateau_07.json",
                        "proj": "BP_Bend",
                        "transform": [
                            0.9999999403953552,
                            0.00023624197638127953,
                            -0.00024571502581238747,
                            -0.11067197471857071,
                            0.00023624197638127953,
                            0.039295732975006104,
                            0.9992275238037109,
                            450.0599060058594,
                            0.00024571502581238747,
                            -0.9992275238037109,
                            0.03929567337036133,
                            17.699079513549805
                        ],
                        "op": "BO_Add",
                        "rotation": 0,
                        "scale": [
                            1,
                            1,
                            1
                        ],
                        "height": 450.4078369140625,
                        "position": [
                            -0.1106719970703125,
                            450.0599365234375,
                            17.699033737182617
                        ],
                        "weightHard": false,
                        "weightScale": [
                            1,
                            1,
                            1
                        ],
                        "mirrored": false,
                        "twinId": 0,
                        "flooded": false,
                        "pathable": false,
                        "mergeable": false,
                        "no_features": false
                    },
                    {
                        "weight": [
                            1,
                            1,
                            1,
                            1
                        ],
                        "spec": "/pa/terrain/lava/brushes/lava_plateau_07.json",
                        "proj": "BP_Bend",
                        "transform": [
                            0.9999999403953552,
                            0.00023624197638127953,
                            -0.00024571502581238747,
                            -0.1106719821691513,
                            0.00023624197638127953,
                            0.039295732975006104,
                            0.9992275238037109,
                            450.0599060058594,
                            -0.00024571502581238747,
                            0.9992275238037109,
                            -0.03929567337036133,
                            -17.699079513549805
                        ],
                        "op": "BO_Add",
                        "rotation": 0,
                        "scale": [
                            1,
                            1,
                            1
                        ],
                        "height": 450.4078369140625,
                        "position": [
                            -0.1106719970703125,
