{
    "name": "Sinnet",
    "creator": "superouman",
    "version": "1.0",
    "date": "2015/09/22",
    "description": "This is a map I wanted to create for few years now but I didn't get the courage to make it since the default symmetry would give a sub-optimal result and thus I had to make the symmetry by hand. There are 4 starting locations enabled for 1v1 so you can get one match-up with plane symmetry (the opponent is in the same ‘pocket’ as you) or a match-up with rotational symmetry (the opponent is in the other ‘pocket’). Since this symmetry is done by hand, it is not 100% perfect but the potential asymmetries are negligible.",
    "planets": [
        {
            "name": "Sinnet",
            "mass": 10000,
            "position_x": 53100,
            "position_y": -1500,
            "velocity_x": 2.739516496658325,
            "velocity_y": 96.97904205322266,
            "required_thrust_to_move": 0,
            "starting_planet": true,
            "respawn": false,
            "start_destroyed": false,
            "min_spawn_delay": 0,
            "max_spawn_delay": 0,
            "planet": {
                "seed": 1584189440,
                "radius": 500,
                "heightRange": 0,
                "waterHeight": 0,
                "waterDepth": 100,
                "temperature": 100,
                "metalDensity": 0,
                "metalClusters": 0,
                "metalSpotLimit": -1,
                "biomeScale": 75.00000006869588,
                "biome": "lava",
                "symmetryType": "none",
                "symmetricalMetal": false,
                "symmetricalStarts": false,
                "numArmies": 2,
                "landingZonesPerArmy": 1,
                "landingZoneSize": 0
            },
            "source": {
                "brushes": [
                    {
                        "spec": "/pa/terrain/metal/brushes/metal_structure_06.json",
                        "weight": [
                            1,
                            1,
                            1,
                            1
                        ],
                        "proj": "BP_Bend",
                        "op": "BO_Add",
                        "transform": [
                            0.7185619473457336,
                            0.5300046801567078,
                            0.45029309391975403,
                            224.7276153564453,
                            -0.04573771357536316,
                            0.6820845007896423,
                            -0.7298416495323181,
                            -364.2418212890625,
                            -0.6939574480056763,
                            0.5038410425186157,
                            0.5143611431121826,
                            256.7020263671875
                        ],
                        "scale": [
                            1,
                            1,
                            1
                        ],
                        "rotation": -0.3899998962879181,
                        "position": [
                            224.72760009765625,
                            -364.24176025390625,
                            256.7020263671875
                        ],
                        "height": 499.06964111328125,
                        "weightHard": false,
                        "weightScale": [
                            1,
                            1,
                            1
                        ],
                        "mirrored": false,
                        "twinId": 0,
                        "flooded": false,
                        "pathable": false,
                        "mergeable": false,
                        "no_features": false
                    },
                    {
                        "spec": "/pa/terrain/metal/brushes/metal_structure_06.json",
                        "weight": [
                            1,
                            1,
                            1,
                            1
                        ],
                        "proj": "BP_Bend",
                        "op": "BO_Add",
                        "transform": [
                            0.7472361922264099,
                            -0.49698859453201294,
                            -0.44118058681488037,
                            -220.3734893798828,
                            0.02585923671722412,
                            0.6851120591163635,
                            -0.7279784679412842,
                            -363.6315002441406,
                            0.6640551686286926,
                            0.532563328742981,
                            0.5247923731803894,
                            262.1383056640625
                        ],
                        "scale": [
                            1,
                            1,
                            1
                        ],
                        "rotation": 0.34999993443489075,
                        "position": [
                            -220.37347412109375,
                            -363.6314697265625,
                            262.1383056640625
                        ],
                        "height": 499.5085754394531,
                        "weightHard": false,
                        "weightScale": [
                            1,
                            1,
                            1
                        ],
                        "mirrored": false,
                        "twinId": 0,
                        "flooded": false,
                        "pathable": false,
                        "mergeable": false,
                        "no_features": false
                    },
                    {
                        "spec": "/pa/terrain/metal/brushes/metal_structure_06.json",
                        "weight": [
                            1,
                            1,
                            1,
                            1
                        ],
                        "proj": "BP_Bend",
                        "op": "BO_Add",
                        "transform": [
                            0.7201004028320312,
                            -0.5289610028266907,
                            0.44906085729599,
                            224.17141723632812,
                            0.0480571985244751,
                            0.6836496591567993,
                            0.728226363658905,
                            363.5309753417969,
                            -0.6922036409378052,
                            -0.5028155446052551,
                            0.5177167654037476,
                            258.4444885253906
                        ],
                        "scale": [
                            1,
                            1,
                            1
                        ],
                        "rotation": 0.3899998962879181,
                        "position": [
                            224.17144775390625,
                            363.531005859375,
                            258.44439697265625
                        ],
                        "height": 499.2005310058594,
                        "weightHard": false,
                        "weightScale": [
                            1,
                            1,
                            1
                        ],
                        "mirrored": false,
                        "twinId": 0,
                        "flooded": false,
                        "pathable": false,
                        "mergeable": false,
                        "no_features": false
                    },
                    {
                        "spec": "/pa/terrain/metal/brushes/metal_structure_06.json",
                        "weight": [
                            1,
                            1,
                            1,
                            1
                        ],
                        "proj": "BP_Bend",
                        "op": "BO_Add",
                        "transform": [
                            0.7344827055931091,
                            0.518265426158905,
                            -0.4381052851676941,
                            -218.95941162109375,
                            -0.04821231961250305,
                            0.6837943196296692,
                            0.7280803322792053,
                            363.8852233886719,
                            0.676912784576416,
                            -0.5136403441429138,
                            0.5272217988967896,
                            263.49871826171875
                        ],
                        "scale": [
                            1,
                            1,
                            1
                        ],
                        "rotation": -0.37999990582466125,
                        "position": [
                            -218.95938110351562,
                            363.88519287109375,
                            263.49871826171875
                        ],
                        "height": 499.7872009277344,
                        "weightHard": false,
                        "weightScale": [
                            1,
                            1,
                            1
                        ],
                        "mirrored": false,
                        "twinId": 0,
                        "flooded": false,
                        "pathable": false,
                        "mergeable": false,
                        "no_features": false
                    },
                    {
                        "spec": "/pa/terrain/metal/brushes/metal_structure_06.json",
                        "weight": [
                            1,
                            1,
                            1,
                            1
                        ],
                        "proj": "BP_Bend",
                        "op": "BO_Add",
                        "transform": [
                            -0.05017576366662979,
                            0.6892900466918945,
                            0.7227457165718079,
                            360.778076171875,
                            0.7270643711090088,
                            0.5213468670845032,
                            -0.44673797488212585,
                            -223.0013427734375,
                            -0.6847332715988159,
                            0.5030671954154968,
                            -0.5273170471191406,
                            -263.2245788574219
                        ],
                        "scale": [
                            1,
                            1,
                            1
                        ],
                        "rotation": 0.07999999076128006,
                        "position": [
                            360.77813720703125,
                            -223.00137329101562,
                            -263.2247314453125
                        ],
                        "height": 499.17706298828125,
                        "weightHard": false,
                        "weightScale": [
                            1,
                            1,
                            1
                        ],
                        "mirrored": false,
                        "twinId": 0,
                        "flooded": false,
                        "pathable": false,
                        "mergeable": false,
                        "no_features": false
                    },
                    {
                        "spec": "/pa/terrain/metal/brushes/metal_structure_06.json",
                        "weight": [
                            1,
                            1,
                            1,
                            1
                        ],
                        "proj": "BP_Bend",
                        "op": "BO_Add",
                        "transform": [
                            -0.051004622131586075,
                            -0.6910626292228699,
                            0.720993161201477,
                            360.33563232421875,
                            -0.7286210060119629,
                            0.5194827914237976,
                            0.4463733434677124,
                            223.08702087402344,
                            -0.6830154657363892,
                            -0.5025636553764343,
                            -0.53001868724823,
                            -264.8910217285156
                        ],
                        "scale": [
                            1,
                            1,
                            1
                        ],
                        "rotation": -0.07999999076128006,
                        "position": [
                            360.3355712890625,
                            223.08697509765625,
                            -264.8910827636719
                        ],
                        "height": 499.7767639160156,
                        "weightHard": false,
                        "weightScale": [
                            1,
                            1,
                            1
                        ],
                        "mirrored": false,
                        "twinId": 0,
                        "flooded": false,
                        "pathable": false,
                        "mergeable": false,
                        "no_features": false
                    },
                    {
                        "spec": "/pa/terrain/metal/brushes/metal_structure_06.json",
                        "weight": [
                            1,
                            1,
                            1,
                            1
                        ],
                        "proj": "BP_Bend",
                        "op": "BO_Add",
                        "transform": [
                            -0.0374823659658432,
                            -0.6846174001693726,
                            -0.7279384136199951,
                            -360.2626037597656,
                            -0.7324638962745667,
                            0.5143514275550842,
                            -0.44602617621421814,
                            -220.74195861816406,
                            0.6797734498977661,
                            0.5164704918861389,
                            -0.5207366943359375,
                            -257.716796875
                        ],
                        "scale": [
                            1,
                            1,
                            1
                        ],
                        "rotation": -0.09999998658895493,
                        "position": [
                            -360.2625732421875,
                            -220.741943359375,
                            -257.7166748046875
                        ],
                        "height": 494.9080810546875,
                        "weightHard": false,
                        "weightScale": [
                            1,
                            1,
                            1
                        ],
                        "mirrored": false,
                        "twinId": 0,
                        "flooded": false,
                        "pathable": false,
                        "mergeable": false,
                        "no_features": false
                    },
                    {
                        "spec": "/pa/terrain/metal/brushes/metal_structure_06.json",
                        "weight": [
                            1,
                            1,
                            1,
                            1
                        ],
                        "proj": "BP_Bend",
                        "op": "BO_Add",
                        "transform": [
                            -0.041790105402469635,
                            0.687559187412262,
                            -0.7249248027801514,
                            -362.3450927734375,
                            0.7348145842552185,
                            0.5127681493759155,
                            0.44397780299186707,
                            221.9170684814453,
                            0.6769794225692749,
                            -0.514131486415863,
                            -0.526657223701477,
                            -263.243408203125
                        ],
                        "scale": [
                            1,
                            1,
                            1
                        ],
                        "rotation": 0.09999998658895493,
                        "position": [
                            -362.3450927734375,
                            221.91705322265625,
                            -263.2433776855469
                        ],
                        "height": 499.83819580078125,
                        "weightHard": false,
                        "weightScale": [
                            1,
                            1,
                            1
                        ],
                        "mirrored": false,
                        "twinId": 0,
                        "flooded": false,
                        "pathable": false,
                        "mergeable": false,
                        "no_features": false
                    },
                    {
                        "spec": "/pa/terrain/metal/brushes/metal_structure_06.json",
                        "weight": [
                            1,
                            1,
                            1,
                            1
                        ],
                        "proj": "BP_Bend",
                        "op": "BO_Add",
                        "transform": [
                            0.12112128734588623,
                            0.6973305344581604,
                            0.7064416408538818,
                            353.3553771972656,
                            0.1407540738582611,
                            0.6924247741699219,
                            -0.7076271772384644,
                            -353.9483642578125,
                            -0.9826077222824097,
                            0.18514317274093628,
                            -0.014284729957580566,
                            -7.14508581161499
                        ],
                        "scale": [
                            1,
                            1,
                            1
                        ],
                        "rotation": -0.599999725818634,
                        "position": [
                            353.3553466796875,
                            -353.9483642578125,
                            -7.14503288269043
                        ],
                        "height": 500.1904602050781,
                        "weightHard": false,
                        "weightScale": [
                            1,
                            1,
                            1
                        ],
                        "mirrored": false,
                        "twinId": 0,
                        "flooded": false,
                        "pathable": false,
                        "mergeable": false,
                        "no_features": false
                    },
                    {
                        "spec": "/pa/terrain/metal/brushes/metal_structure_06.json",
                        "weight": [
                            1,
                            1,
                            1,
                            1
                        ],
                        "proj": "BP_Bend",
                        "op": "BO_Add",
                        "transform": [
                            0.1330544650554657,
                            -0.6935241222381592,
                            0.7080401182174683,
                            354.3524169921875,
                            -0.13967034220695496,
                            0.6941421031951904,
                            0.7061578631401062,
                            353.410400390625,
                            -0.9812179803848267,
                            -0.19284966588020325,
                            -0.004506111145019531,
                            -2.2551705837249756
                        ],
                        "scale": [
                            1,
                            1,
                            1
                        ],
                        "rotation": 0.5899997353553772,
                        "position": [
                            354.3524169921875,
                            353.410400390625,
                            -2.255140542984009
                        ],
                        "height": 500.4693908691406,
                        "weightHard": false,
                        "weightScale": [
                            1,
                            1,
                            1
                        ],
                        "mirrored": false,
                        "twinId": 0,
                        "flooded": false,
                        "pathable": false,
                        "mergeable": false,
                        "no_features": false
                    },
                    {
                        "spec": "/pa/terrain/metal/brushes/metal_structure_06.json",
                        "weight": [
                            1,
                            1,
                            1,
                            1
                        ],
                        "proj": "BP_Bend",
                        "op": "BO_Add",
                        "transform": [
                            0.12181109189987183,
                            0.6932709813117981,
                            -0.7103079557418823,
                            -356.24755859375,
                            0.132493793964386,
                            0.6978750824928284,
                            0.7038577198982239,
                            353.01251220703125,
                            0.9836703538894653,
                            -0.1798490285873413,
                            -0.00684511661529541,
                            -3.4330968856811523
                        ],
                        "scale": [
                            1,
                            1,
                            1
                        ],
                        "rotation": -0.599999725818634,
                        "position": [
                            -356.24755859375,
                            353.01251220703125,
                            -3.433115005493164
                        ],
                        "height": 501.5395812988281,
                        "weightHard": false,
                        "weightScale": [
                            1,
                            1,
                            1
                        ],
                        "mirrored": false,
                        "twinId": 0,
                        "flooded": false,
                        "pathable": false,
                        "mergeable": false,
                        "no_features": false
                    },
                    {
                        "spec": "/pa/terrain/metal/brushes/metal_structure_06.json",
                        "weight": [
                            1,
                            1,
                            1,
                            1
                        ],
                        "proj": "BP_Bend",
                        "op": "BO_Add",
                        "transform": [
                            0.14570698142051697,
                            -0.6884552240371704,
                            -0.7104920148849487,
                            -353.72308349609375,
                            -0.14990925788879395,
                            0.6944999694824219,
                            -0.7037022709846497,
                            -350.3427734375,
                            0.977904200553894,
                            0.20904365181922913,
                            -0.0020122528076171875,
                            -1.0018131732940674
                        ],
                        "scale": [
                            1,
                            1,
                            1
                        ],
                        "rotation": 0.5699997544288635,
                        "position": [
                            -353.7231140136719,
                            -350.3428039550781,
                            -1.0018463134765625
                        ],
                        "height": 497.8565368652344,
                        "weightHard": false,
                        "weightScale": [
                            1,
                            1,
                            1
                        ],
                        "mirrored": false,
                        "twinId": 0,
                        "flooded": false,
                        "pathable": false,
                        "mergeable": false,
                        "no_features": false
                    },
                    {
                        "spec": "/pa/terrain/metal/brushes/metal_structure_07.json",
                        "weight": [
                            1,
                            1,
                            1,
                            1
                        ],
                        "proj": "BP_Bend",
                        "op": "BO_Add",
                        "transform": [
                            0.421230673789978,
                            -0.6505606174468994,
                            -0.6319301724433899,
                            -315.3767395019531,
                            0.0055689215660095215,
                            0.6986033320426941,
                            -0.7154875993728638,
                            -357.0776672363281,
                            0.906936526298523,
                            0.29786616563796997,
                            0.2978960871696472,
                            148.6707000732422
                        ],
                        "scale": [
                            1,
                            1,
                            1
                        ],
                        "rotation": 0.5299997925758362,
                        "position": [
                            -315.3766784667969,
                            -357.07757568359375,
                            148.6707763671875
                        ],
                        "height": 499.0689697265625,
                        "weightHard": false,
                        "weightScale": [
                            1,
                            1,
                            1
                        ],
                        "mirrored": false,
                        "twinId": 0,
                        "flooded": false,
                        "pathable": false,
                        "mergeable": false,
                        "no_features": false
                    },
                    {
                        "spec": "/pa/terrain/metal/brushes/metal_structure_07.json",
                        "weight": [
                            1,
                            1,
                            1,
                            1
                        ],
                        "proj": "BP_Bend",
                        "op": "BO_Add",
                        "transform": [
                            -0.06069168448448181,
                            -0.6895073652267456,
                            -0.7217315435409546,
                            -357.0620422363281,
                            -0.35325196385383606,
                            0.6911060810089111,
                            -0.6305439472198486,
                            -311.9488220214844,
                            0.9335577487945557,
                            0.2166842818260193,
                            -0.28551411628723145,
                            -141.2523193359375
                        ],
                        "scale": [
                            1,
                            1,
                            1
                        ],
                        "rotation": 0.48999980092048645,
                        "position": [
                            -357.06195068359375,
                            -311.9487609863281,
                            -141.2522430419922
                        ],
                        "height": 494.7297058105469,
                        "weightHard": false,
                        "weightScale": [
                            1,
                            1,
                            1
                        ],
                        "mirrored": false,
                        "twinId": 0,
                        "flooded": false,
                        "pathable": false,
                        "mergeable": false,
                        "no_features": false
                    },
                    {
                        "spec": "/pa/terrain/metal/brushes/metal_structure_07.json",
                        "weight": [
                            1,
                            1,
                            1,
                            1
                        ],
                        "proj": "BP_Bend",
                        "op": "BO_Add",
                        "transform": [
                            -0.010865256190299988,
                            0.6968255639076233,
                            -0.7171583771705627,
                            -360.3178405761719,
                            0.41683363914489746,
                            0.6550712585449219,
                            0.6301836371421814,
                            316.6195983886719,
                            0.9089179039001465,
                            -0.29208865761756897,
                            -0.2975778579711914,
                            -149.51036071777344
                        ],
                        "scale": [
                            1,
                            1,
                            1
                        ],
                        "rotation": -0.40999987721443176,
                        "position": [
                            -360.31781005859375,
                            316.6195983886719,
                            -149.51031494140625
                        ],
                        "height": 502.4243469238281,
                        "weightHard": false,
                        "weightScale": [
                            1,
                            1,
                            1
                        ],
                        "mirrored": false,
                        "twinId": 0,
                        "flooded": false,
                        "pathable": false,
                        "mergeable": false,
                        "no_features": false
                    },
                    {
                        "spec": "/pa/terrain/metal/brushes/metal_structure_07.json",
                        "weight": [
                            1,
                            1,
                            1,
                            1
                        ],
                        "proj": "BP_Bend",
                        "op": "BO_Add",
                        "transform": [
                            0.45439714193344116,
                            0.6255943775177002,
                            -0.6341568827629089,
                            -317.2412109375,
                            0.041001588106155396,
                            0.6964538097381592,
                            0.7164292931556702,
                            358.3985290527344,
                            0.889855146408081,
                            -0.3515447974205017,
                            0.2908162474632263,
                            145.48275756835938
                        ],
                        "scale": [
                            1,
                            1,
                            1
                        ],
                        "rotation": -0.4699998199939728,
                        "position": [
                            -317.2412109375,
                            358.3985290527344,
                            145.4827117919922
                        ],
                        "height": 500.25665283203125,
                        "weightHard": false,
                        "weightScale": [
                            1,
                            1,
                            1
                        ],
                        "mirrored": false,
                        "twinId": 0,
                        "flooded": false,
                        "pathable": false,
                        "mergeable": false,
                        "no_features": false
                    },
                    {
                        "spec": "/pa/terrain/metal/brushes/metal_structure_07.json",
                        "weight": [
                            1,
                            1,
                            1,
                            1
                        ],
                        "proj": "BP_Bend",
                        "op": "BO_Add",
                        "transform": [
                            0.4238229990005493,
                            -0.6449816226959229,
                            0.6359030604362488,
                            317.3683776855469,
                            -0.018785476684570312,
                            0.6956668496131897,
                            0.7181189060211182,
                            358.4009094238281,
                            -0.9055501818656921,
                            -0.3163011372089386,
                            0.2827233076095581,
                            141.10238647460938
                        ],
                        "scale": [
                            1,
                            1,
                            1
                        ],
                        "rotation": 0.5099998116493225,
                        "position": [
                            317.3683776855469,
                            358.4009094238281,
                            141.10238647460938
                        ],
                        "height": 499.08294677734375,
                        "weightHard": false,
                        "weightScale": [
                            1,
                            1,
                            1
                        ],
                        "mirrored": false,
                        "twinId": 0,
                        "flooded": false,
                        "pathable": false,
                        "mergeable": false,
                        "no_features": false
                    },
                    {
                        "spec": "/pa/terrain/metal/brushes/metal_structure_07.json",
                        "weight": [
                            1,
                            1,
                            1,
                            1
                        ],
                        "proj": "BP_Bend",
                        "op": "BO_Add",
                        "transform": [
                            -0.0493556410074234,
                            -0.6964298486709595,
                            0.7159256935119629,
                            358.01641845703125,
                            -0.37783750891685486,
                            0.6765483021736145,
                            0.6320769786834717,
                            316.0857849121094,
                            -0.9245556592941284,
                            -0.23930704593658447,
                            -0.29652881622314453,
                            -148.28659057617188
                        ],
                        "scale": [
                            1,
                            1,
                            1
                        ],
                        "rotation": 0.4699998199939728,
                        "position": [
                            358.0163879394531,
                            316.08575439453125,
                            -148.28656005859375
                        ],
                        "height": 500.0748291015625,
                        "weightHard": false,
                        "weightScale": [
                            1,
                            1,
                            1
                        ],
                        "mirrored": false,
                        "twinId": 0,
                        "flooded": false,
                        "pathable": false,
                        "mergeable": false,
                        "no_features": false
                    },
                    {
                        "spec": "/pa/terrain/metal/brushes/metal_structure_07.json",
                        "weight": [
                            1,
                            1,
                            1,
                            1
                        ],
                        "proj": "BP_Bend",
                        "op": "BO_Add",
                        "transform": [
                            -0.00572967529296875,
                            0.6991786360740662,
                            0.714924156665802,
                            357.6767578125,
                            0.4187656044960022,
                            0.6509045362472534,
                            -0.6332130432128906,
                            -316.7966613769531,
                            -0.9080764651298523,
                            0.295757532119751,
                            -0.2965214252471924,
                            -148.34976196289062
                        ],
                        "scale": [
                            1,
                            1,
                            1
                        ],
                        "rotation": -0.40999987721443176,
                        "position": [
                            357.6767272949219,
                            -316.7966613769531,
                            -148.3496856689453
                        ],
                        "height": 500.30029296875,
                        "weightHard": false,
                        "weightScale": [
                            1,
                            1,
                            1
                        ],
                        "mirrored": false,
                        "twinId": 0,
                        "flooded": false,
                        "pathable": false,
                        "mergeable": false,
                        "no_features": false
                    },
                    {
                        "spec": "/pa/terrain/metal/brushes/metal_structure_07.json",
                        "weight": [
                            1,
                            1,
                            1,
                            1
                        ],
                        "proj": "BP_Bend",
                        "op": "BO_Add",
                        "transform": [
                            0.3865724205970764,
                            0.6670384407043457,
                            0.6368841528892517,
                            318.3742980957031,
                            -0.010184288024902344,
