{
    "name": "Tandem",
    "creator": "WPMarshall",
    "version": "1",
    "date": "2016/04/28",
    "description": "(1v1 - 2v2 - FFA) Tandem is a dynamic map with different challenges facing players in 1v1 games dependiong on where they spawn relative to their enemy. If playing with teams, you will need to co-operate effectively to lock down expansions and chokepoints. In FFA situations, watch out on all sides as ever!",
    "players": [
        2,
        4
    ],
    "planets": [
        {
            "name": "Tandem",
            "mass": 20000,
            "position_x": 13200,
            "position_y": 200,
            "velocity_x": -2.9483606815338135,
            "velocity_y": 194.59124755859375,
            "required_thrust_to_move": 0,
            "starting_planet": true,
            "respawn": false,
            "start_destroyed": false,
            "min_spawn_delay": 0,
            "max_spawn_delay": 0,
            "planet": {
                "seed": 95687448,
                "radius": 500,
                "heightRange": 50,
                "waterHeight": 34,
                "waterDepth": 100,
                "temperature": 50,
                "metalDensity": 50,
                "metalClusters": 50,
                "metalSpotLimit": -1,
                "biomeScale": 50,
                "biome": "earth",
                "symmetryType": "terrain and CSG",
                "symmetricalMetal": true,
                "symmetricalStarts": false,
                "numArmies": 2,
                "landingZonesPerArmy": 0,
                "landingZoneSize": 0
            },
            "source": {
                "brushes": [
                    {
                        "spec": "/pa/terrain/mountain/brushes/mountain_mountain_01.json",
                        "weight": [
                            1,
                            1,
                            1,
                            1
                        ],
                        "proj": "BP_Bend",
                        "op": "BO_Add",
                        "transform": [
                            0.9804077744483948,
                            -0.784189760684967,
                            -0.3740939199924469,
                            -137.2176055908203,
                            0.8683979511260986,
                            0.8662306070327759,
                            0.4600314199924469,
                            168.73948669433594,
                            -0.02801552414894104,
                            -0.5922755599021912,
                            1.1681283712387085,
                            428.4693908691406
                        ],
                        "scale": [
                            1.309999704360962,
                            1.309999704360962,
                            1.309999704360962
                        ],
                        "rotation": 0.7299996018409729,
                        "position": [
                            -137.2176055908203,
                            168.73948669433594,
                            428.4693908691406
                        ],
                        "height": 480.50775146484375,
                        "weightHard": false,
                        "weightScale": [
                            1,
                            1,
                            1
                        ],
                        "mirrored": false,
                        "twinId": 22,
                        "flooded": false,
                        "pathable": false,
                        "mergeable": false,
                        "no_features": true
                    },
                    {
                        "spec": "/pa/terrain/mountain/brushes/mountain_mountain_01.json",
                        "weight": [
                            1,
                            1,
                            1,
                            1
                        ],
                        "proj": "BP_Bend",
                        "op": "BO_Add",
                        "transform": [
                            0.9804077744483948,
                            -0.784189760684967,
                            -0.3740939199924469,
                            -137.21759033203125,
                            0.8683979511260986,
                            0.8662306070327759,
                            0.4600314199924469,
                            168.73948669433594,
                            0.02801552414894104,
                            0.5922755599021912,
                            -1.1681283712387085,
                            -428.4693908691406
                        ],
                        "scale": [
                            1.309999704360962,
                            1.309999704360962,
                            1.309999704360962
                        ],
                        "rotation": 0.7299996018409729,
                        "position": [
                            -137.2176055908203,
                            168.73948669433594,
                            428.4693908691406
                        ],
                        "height": 480.50775146484375,
                        "weightHard": false,
                        "weightScale": [
                            1,
                            1,
                            1
                        ],
                        "mirrored": true,
                        "twinId": 22,
                        "flooded": false,
                        "pathable": false,
                        "mergeable": false,
                        "no_features": true
                    },
                    {
                        "spec": "/pa/terrain/mountain/brushes/mountain_mountain_06.json",
                        "weight": [
                            1,
                            1,
                            1,
                            1
                        ],
                        "proj": "BP_Bend",
                        "op": "BO_Add",
                        "transform": [
                            0.9243343472480774,
                            -0.7034002542495728,
                            -0.14047645032405853,
                            -58.27694320678711,
                            0.6800035238265991,
                            0.7863999009132385,
                            0.5367215275764465,
                            222.66004943847656,
                            -0.228255957365036,
                            -0.5056707262992859,
                            1.030095100402832,
                            427.33709716796875
                        ],
                        "scale": [
                            1.1699998378753662,
                            1.1699998378753662,
                            1.1699998378753662
                        ],
                        "rotation": 0.6799996495246887,
                        "position": [
                            -58.276954650878906,
                            222.66006469726562,
                            427.33709716796875
                        ],
                        "height": 485.3768615722656,
                        "weightHard": false,
                        "weightScale": [
                            1,
                            1,
                            1
                        ],
                        "mirrored": false,
                        "twinId": 23,
                        "flooded": false,
                        "pathable": false,
                        "mergeable": false,
                        "no_features": true
                    },
                    {
                        "spec": "/pa/terrain/mountain/brushes/mountain_mountain_06.json",
                        "weight": [
                            1,
                            1,
                            1,
                            1
                        ],
                        "proj": "BP_Bend",
                        "op": "BO_Add",
                        "transform": [
                            0.9243343472480774,
                            -0.7034002542495728,
                            -0.14047645032405853,
                            -58.27694320678711,
                            0.6800035238265991,
                            0.7863999009132385,
                            0.5367215275764465,
                            222.66006469726562,
                            0.228255957365036,
                            0.5056707262992859,
                            -1.030095100402832,
                            -427.33709716796875
                        ],
                        "scale": [
                            1.1699998378753662,
                            1.1699998378753662,
                            1.1699998378753662
                        ],
                        "rotation": 0.6799996495246887,
                        "position": [
                            -58.276954650878906,
                            222.66006469726562,
                            427.33709716796875
                        ],
                        "height": 485.3768615722656,
                        "weightHard": false,
                        "weightScale": [
                            1,
                            1,
                            1
                        ],
                        "mirrored": true,
                        "twinId": 23,
                        "flooded": false,
                        "pathable": false,
                        "mergeable": false,
                        "no_features": true
                    },
                    {
                        "spec": "/pa/terrain/mountain/brushes/mountain_mountain_06.json",
                        "weight": [
                            1,
                            1,
                            1,
                            1
                        ],
                        "proj": "BP_Bend",
                        "op": "BO_Add",
                        "transform": [
                            0.8036067485809326,
                            -0.5874156951904297,
                            0.09570220857858658,
                            46.37828826904297,
                            0.5025085806846619,
                            0.7558375000953674,
                            0.41975581645965576,
                            203.4180450439453,
                            -0.3189064860343933,
                            -0.2892274558544159,
                            0.9025775194168091,
                            437.39849853515625
                        ],
                        "scale": [
                            1,
                            1,
                            1
                        ],
                        "rotation": 0.6099997162818909,
                        "position": [
                            46.3782844543457,
                            203.4180145263672,
                            437.39849853515625
                        ],
                        "height": 484.6104431152344,
                        "weightHard": false,
                        "weightScale": [
                            1,
                            1,
                            1
                        ],
                        "mirrored": false,
                        "twinId": 25,
                        "flooded": false,
                        "pathable": false,
                        "mergeable": false,
                        "no_features": true
                    },
                    {
                        "spec": "/pa/terrain/mountain/brushes/mountain_mountain_06.json",
                        "weight": [
                            1,
                            1,
                            1,
                            1
                        ],
                        "proj": "BP_Bend",
                        "op": "BO_Add",
                        "transform": [
                            0.8036067485809326,
                            -0.5874156951904297,
                            0.09570220857858658,
                            46.37828826904297,
                            0.5025085806846619,
                            0.7558375000953674,
                            0.41975581645965576,
                            203.4180450439453,
                            0.3189064860343933,
                            0.2892274558544159,
                            -0.9025775194168091,
                            -437.3985290527344
                        ],
                        "scale": [
                            1,
                            1,
                            1
                        ],
                        "rotation": 0.6099997162818909,
                        "position": [
                            46.3782844543457,
                            203.4180145263672,
                            437.39849853515625
                        ],
                        "height": 484.6104431152344,
                        "weightHard": false,
                        "weightScale": [
                            1,
                            1,
                            1
                        ],
                        "mirrored": true,
                        "twinId": 25,
                        "flooded": false,
                        "pathable": false,
                        "mergeable": false,
                        "no_features": true
                    },
                    {
                        "spec": "/pa/terrain/mountain/brushes/mountain_mountain_06.json",
                        "weight": [
                            1,
                            1,
                            1,
                            1
                        ],
                        "proj": "BP_Bend",
                        "op": "BO_Add",
                        "transform": [
                            0.760179340839386,
                            -0.5821724534034729,
                            0.28844863176345825,
                            139.44126892089844,
                            0.45951899886131287,
                            0.7956159114837646,
                            0.39476272463798523,
                            190.83541870117188,
                            -0.4593143165111542,
                            -0.16754284501075745,
                            0.8723300695419312,
                            421.7000732421875
                        ],
                        "scale": [
                            1,
                            1,
                            1
                        ],
                        "rotation": 0.5899999737739563,
                        "position": [
                            139.4412841796875,
                            190.83543395996094,
                            421.7000732421875
                        ],
                        "height": 483.41802978515625,
                        "weightHard": false,
                        "weightScale": [
                            1,
                            1,
                            1
                        ],
                        "mirrored": false,
                        "twinId": 26,
                        "flooded": false,
                        "pathable": false,
                        "mergeable": false,
                        "no_features": true
                    },
                    {
                        "spec": "/pa/terrain/mountain/brushes/mountain_mountain_06.json",
                        "weight": [
                            1,
                            1,
                            1,
                            1
                        ],
                        "proj": "BP_Bend",
                        "op": "BO_Add",
                        "transform": [
                            0.760179340839386,
                            -0.5821724534034729,
                            0.28844863176345825,
                            139.44126892089844,
                            0.45951899886131287,
                            0.7956159114837646,
                            0.39476272463798523,
                            190.83541870117188,
                            0.4593143165111542,
                            0.16754284501075745,
                            -0.8723300695419312,
                            -421.7000732421875
                        ],
                        "scale": [
                            1,
                            1,
                            1
                        ],
                        "rotation": 0.5899999737739563,
                        "position": [
                            139.4412841796875,
                            190.83543395996094,
                            421.7000732421875
                        ],
                        "height": 483.41802978515625,
                        "weightHard": false,
                        "weightScale": [
                            1,
                            1,
                            1
                        ],
                        "mirrored": true,
                        "twinId": 26,
                        "flooded": false,
                        "pathable": false,
                        "mergeable": false,
                        "no_features": true
                    },
                    {
                        "spec": "/pa/terrain/moon/brushes/moon_crater_02.json",
                        "weight": [
                            1,
                            1,
                            1,
                            1
                        ],
                        "proj": "BP_Bend",
                        "op": "BO_Subtract",
                        "transform": [
                            0.99958735704422,
                            -0.000018134307538275607,
                            0.028724713250994682,
                            14.478157997131348,
                            -0.000018134307538275607,
                            0.9999992251396179,
                            0.0012623665388673544,
                            0.6362724304199219,
                            -0.028724713250994682,
                            -0.0012623665388673544,
                            0.9995865821838379,
                            503.82305908203125
                        ],
                        "scale": [
                            1,
                            1,
                            1
                        ],
                        "rotation": 0,
                        "position": [
                            14.478158950805664,
                            0.6362724304199219,
                            503.82305908203125
                        ],
                        "height": 504.03143310546875,
                        "weightHard": false,
                        "weightScale": [
                            1,
                            1,
                            1
                        ],
                        "mirrored": false,
                        "twinId": 34,
                        "flooded": false,
                        "pathable": true,
                        "mergeable": true,
                        "no_features": false
                    },
                    {
                        "spec": "/pa/terrain/moon/brushes/moon_crater_02.json",
                        "weight": [
                            1,
                            1,
                            1,
                            1
                        ],
                        "proj": "BP_Bend",
                        "op": "BO_Subtract",
                        "transform": [
                            0.99958735704422,
                            -0.000018134307538275607,
                            0.028724713250994682,
                            14.478157043457031,
                            -0.000018134307538275607,
                            0.9999992251396179,
                            0.0012623665388673544,
                            0.6362724304199219,
                            0.028724713250994682,
                            0.0012623665388673544,
                            -0.9995865821838379,
                            -503.82305908203125
                        ],
                        "scale": [
                            1,
                            1,
                            1
                        ],
                        "rotation": 0,
                        "position": [
                            14.478158950805664,
                            0.6362724304199219,
                            503.82305908203125
                        ],
                        "height": 504.03143310546875,
                        "weightHard": false,
                        "weightScale": [
                            1,
                            1,
                            1
                        ],
                        "mirrored": true,
                        "twinId": 34,
                        "flooded": false,
                        "pathable": true,
                        "mergeable": true,
                        "no_features": false
                    },
                    {
                        "spec": "/pa/terrain/mountain/brushes/mountain_henge.json",
                        "weight": [
                            1,
                            1,
                            1,
                            1
                        ],
                        "proj": "BP_Bend",
                        "op": "BO_Add",
                        "transform": [
                            -0.8849690556526184,
                            2.5081663131713867,
                            0.039029140025377274,
                            7.392337799072266,
                            -2.5084283351898193,
                            -0.8850851058959961,
                            0.0015191170386970043,
                            0.28772926330566406,
                            0.014418923296034336,
                            -0.03629981353878975,
                            2.6597115993499756,
                            503.7642517089844
                        ],
                        "scale": [
                            2.6599984169006348,
                            2.6599984169006348,
                            2.6599984169006348
                        ],
                        "rotation": -1.9099987745285034,
                        "position": [
                            7.392337799072266,
                            0.28772926330566406,
                            503.7642517089844
                        ],
                        "height": 503.8185729980469,
                        "weightHard": false,
                        "weightScale": [
                            1,
                            1,
                            1
                        ],
                        "mirrored": false,
                        "twinId": 35,
                        "flooded": false,
                        "pathable": false,
                        "mergeable": false,
                        "no_features": true
                    },
                    {
                        "spec": "/pa/terrain/mountain/brushes/mountain_henge.json",
                        "weight": [
                            1,
                            1,
                            1,
                            1
                        ],
                        "proj": "BP_Bend",
                        "op": "BO_Add",
                        "transform": [
                            -0.8849690556526184,
                            2.5081663131713867,
                            0.039029140025377274,
                            7.392337799072266,
                            -2.5084283351898193,
                            -0.8850851058959961,
                            0.0015191170386970043,
                            0.28772926330566406,
                            -0.014418923296034336,
                            0.03629981353878975,
                            -2.6597115993499756,
                            -503.7642517089844
                        ],
                        "scale": [
                            2.6599984169006348,
                            2.6599984169006348,
                            2.6599984169006348
                        ],
                        "rotation": -1.9099987745285034,
                        "position": [
                            7.392337799072266,
                            0.28772926330566406,
                            503.7642517089844
                        ],
                        "height": 503.8185729980469,
                        "weightHard": false,
                        "weightScale": [
                            1,
                            1,
                            1
                        ],
                        "mirrored": true,
                        "twinId": 35,
                        "flooded": false,
                        "pathable": false,
                        "mergeable": false,
                        "no_features": true
                    },
                    {
                        "spec": "/pa/terrain/desert/brushes/desert_metal_t2_medium_wide_ramp.json",
                        "weight": [
                            1,
                            1,
                            1,
                            1
                        ],
                        "proj": "BP_Bend",
                        "op": "BO_Add",
                        "transform": [
                            -0.3529631793498993,
                            0.08226974308490753,
                            0.9320131540298462,
                            481.492919921875,
                            -0.6598586440086365,
                            -0.7281002402305603,
                            -0.18562521040439606,
                            -95.89695739746094,
                            0.663327693939209,
                            -0.6805158257484436,
                            0.31127890944480896,
                            160.81167602539062
                        ],
                        "scale": [
                            1,
                            1,
                            1
                        ],
                        "rotation": -2.5399982929229736,
                        "position": [
                            481.492919921875,
                            -95.89695739746094,
                            160.8116455078125
                        ],
                        "height": 516.615966796875,
                        "weightHard": false,
                        "weightScale": [
                            1,
                            1,
                            1
                        ],
                        "mirrored": false,
                        "twinId": 36,
                        "flooded": false,
                        "pathable": true,
                        "mergeable": false,
                        "no_features": true
                    },
                    {
                        "spec": "/pa/terrain/desert/brushes/desert_metal_t2_medium_wide_ramp.json",
                        "weight": [
                            1,
                            1,
                            1,
                            1
                        ],
                        "proj": "BP_Bend",
                        "op": "BO_Add",
                        "transform": [
                            -0.3529631793498993,
                            0.08226974308490753,
                            0.9320131540298462,
                            481.492919921875,
                            -0.6598586440086365,
                            -0.7281002402305603,
                            -0.18562521040439606,
                            -95.89695739746094,
                            -0.663327693939209,
                            0.6805158257484436,
                            -0.31127890944480896,
                            -160.81167602539062
                        ],
                        "scale": [
                            1,
                            1,
                            1
                        ],
                        "rotation": -2.5399982929229736,
                        "position": [
                            481.492919921875,
                            -95.89695739746094,
                            160.8116455078125
                        ],
                        "height": 516.615966796875,
                        "weightHard": false,
                        "weightScale": [
                            1,
                            1,
                            1
                        ],
                        "mirrored": true,
                        "twinId": 36,
                        "flooded": false,
                        "pathable": true,
                        "mergeable": false,
                        "no_features": true
                    },
                    {
                        "spec": "/pa/terrain/mountain/brushes/mountain_mountain_06.json",
                        "weight": [
                            1,
                            1,
                            1,
                            1
                        ],
                        "proj": "BP_Bend",
                        "op": "BO_Add",
                        "transform": [
                            0.3381269872188568,
                            0.8053718209266663,
                            0.486873984336853,
                            248.437744140625,
                            -0.8645663857460022,
                            0.47018682956695557,
                            -0.17733950912952423,
                            -90.4912338256836,
                            -0.3717460036277771,
                            -0.3609715700149536,
                            0.8552802801132202,
                            436.42486572265625
                        ],
                        "scale": [
                            1,
                            1,
                            1
                        ],
                        "rotation": -1.1199995279312134,
                        "position": [
                            248.4377899169922,
                            -90.49125671386719,
                            436.42486572265625
                        ],
                        "height": 510.2711486816406,
                        "weightHard": false,
                        "weightScale": [
                            1,
                            1,
                            1
                        ],
                        "mirrored": false,
                        "twinId": 45,
                        "flooded": false,
                        "pathable": false,
                        "mergeable": false,
                        "no_features": true
                    },
                    {
                        "spec": "/pa/terrain/mountain/brushes/mountain_mountain_06.json",
                        "weight": [
                            1,
                            1,
                            1,
                            1
                        ],
                        "proj": "BP_Bend",
                        "op": "BO_Add",
                        "transform": [
                            0.3381269872188568,
                            0.8053718209266663,
                            0.486873984336853,
                            248.437744140625,
                            -0.8645663857460022,
                            0.47018682956695557,
                            -0.17733950912952423,
                            -90.4912338256836,
                            0.3717460036277771,
                            0.3609715700149536,
                            -0.8552802801132202,
                            -436.42486572265625
                        ],
                        "scale": [
                            1,
                            1,
                            1
                        ],
                        "rotation": -1.1199995279312134,
                        "position": [
                            248.4377899169922,
                            -90.49125671386719,
                            436.42486572265625
                        ],
                        "height": 510.2711486816406,
                        "weightHard": false,
                        "weightScale": [
                            1,
                            1,
                            1
                        ],
                        "mirrored": true,
                        "twinId": 45,
                        "flooded": false,
                        "pathable": false,
                        "mergeable": false,
                        "no_features": true
                    },
                    {
                        "spec": "/pa/terrain/mountain/brushes/mountain_mountain_06.json",
                        "weight": [
                            1,
                            1,
                            1,
                            1
                        ],
                        "proj": "BP_Bend",
                        "op": "BO_Add",
                        "transform": [
                            0.6775527596473694,
                            -0.7326945662498474,
                            0.06388240307569504,
                            32.361228942871094,
                            0.672386109828949,
                            0.5818955302238464,
                            -0.45748716592788696,
                            -231.75157165527344,
                            0.2980254590511322,
                            0.3529253304004669,
                            0.8869185447692871,
                            449.290771484375
                        ],
                        "scale": [
                            1,
                            1,
                            1
                        ],
                        "rotation": 0.8399997353553772,
                        "position": [
                            32.361228942871094,
                            -231.75155639648438,
                            449.290771484375
                        ],
                        "height": 506.57501220703125,
                        "weightHard": false,
                        "weightScale": [
                            1,
                            1,
                            1
                        ],
                        "mirrored": false,
                        "twinId": 46,
                        "flooded": false,
                        "pathable": false,
                        "mergeable": false,
                        "no_features": true
                    },
                    {
                        "spec": "/pa/terrain/mountain/brushes/mountain_mountain_06.json",
                        "weight": [
                            1,
                            1,
                            1,
                            1
                        ],
                        "proj": "BP_Bend",
                        "op": "BO_Add",
                        "transform": [
                            0.6775527596473694,
                            -0.7326945662498474,
                            0.06388240307569504,
                            32.361228942871094,
                            0.672386109828949,
                            0.5818955302238464,
                            -0.45748716592788696,
                            -231.7515869140625,
                            -0.2980254590511322,
                            -0.3529253304004669,
                            -0.8869185447692871,
                            -449.290771484375
                        ],
                        "scale": [
                            1,
                            1,
                            1
                        ],
                        "rotation": 0.8399997353553772,
                        "position": [
                            32.361228942871094,
                            -231.75155639648438,
                            449.290771484375
                        ],
                        "height": 506.57501220703125,
                        "weightHard": false,
                        "weightScale": [
                            1,
                            1,
                            1
                        ],
                        "mirrored": true,
                        "twinId": 46,
                        "flooded": false,
                        "pathable": false,
                        "mergeable": false,
                        "no_features": true
                    },
                    {
                        "spec": "/pa/terrain/mountain/brushes/mountain_mountain_06.json",
                        "weight": [
                            1,
                            1,
                            1,
                            1
                        ],
                        "proj": "BP_Bend",
                        "op": "BO_Add",
                        "transform": [
                            0.9117065668106079,
                            0.07813835144042969,
                            -0.4033430814743042,
                            -203.65228271484375,
                            -0.18488642573356628,
                            0.9547515511512756,
                            -0.23295168578624725,
                            -117.61981964111328,
                            0.36688998341560364,
                            0.286956250667572,
                            0.884899914264679,
                            446.7955322265625
                        ],
                        "scale": [
                            1,
                            1,
                            1
                        ],
                        "rotation": -0.13999998569488525,
                        "position": [
                            -203.65225219726562,
                            -117.61981201171875,
                            446.7955322265625
                        ],
                        "height": 504.9107971191406,
                        "weightHard": false,
                        "weightScale": [
                            1,
                            1,
                            1
                        ],
                        "mirrored": false,
                        "twinId": 47,
                        "flooded": false,
                        "pathable": false,
                        "mergeable": false,
                        "no_features": true
                    },
                    {
                        "spec": "/pa/terrain/mountain/brushes/mountain_mountain_06.json",
                        "weight": [
                            1,
                            1,
                            1,
                            1
                        ],
                        "proj": "BP_Bend",
                        "op": "BO_Add",
                        "transform": [
