{
    "name": "Tundra",
	"creator": "AndreasG",
	"version": "1.0",
	"date": "2016/01/30",
	"description": "The frozen landscape ruled by tundra and frost, your units will be pushed to their absoulute max. The best strat will rulle the beaut.",

    "planets": [
        {
            "name": "Frozen",
            "mass": 10000,
            "position_x": 42700,
            "position_y": -3700,
            "velocity_x": 9.324126243591309,
            "velocity_y": 107.60551452636719,
            "required_thrust_to_move": 0,
            "starting_planet": true,
            "respawn": false,
            "start_destroyed": false,
            "min_spawn_delay": 0,
            "max_spawn_delay": 0,
            "planet": {
                "seed": 954181376,
                "radius": 450,
                "heightRange": 35,
                "waterHeight": 34,
                "waterDepth": 100,
                "temperature": 0,
                "metalDensity": 0,
                "metalClusters": 0,
                "metalSpotLimit": -1,
                "biomeScale": 50,
                "biome": "earth",
                "symmetryType": "terrain and CSG",
                "symmetricalMetal": true,
                "symmetricalStarts": true,
                "numArmies": 2,
                "landingZonesPerArmy": 1,
                "landingZoneSize": 258
            },
            "source": {
                "brushes": [
                    {
                        "spec": "/pa/terrain/ice/brushes/ice_cliff_09.json",
                        "weight": [
                            1,
                            1,
                            1,
                            1
                        ],
                        "proj": "BP_Bend",
                        "op": "BO_Add",
                        "transform": [
                            0.16769786179065704,
                            0.930062472820282,
                            0.3268962800502777,
                            152.9310302734375,
                            -0.9742856025695801,
                            0.20697151124477386,
                            -0.08905217051506042,
                            -41.66104507446289,
                            -0.15048229694366455,
                            -0.30355650186538696,
                            0.9408552050590515,
                            440.1578369140625
                        ],
                        "scale": [
                            1,
                            1,
                            1
                        ],
                        "rotation": 4.906651973724365,
                        "position": [
                            152.9310302734375,
                            -41.661041259765625,
                            440.1578369140625
                        ],
                        "height": 467.827392578125,
                        "weightHard": false,
                        "weightScale": [
                            1,
                            1,
                            1
                        ],
                        "mirrored": false,
                        "twinId": 3,
                        "flooded": false,
                        "pathable": false,
                        "mergeable": false,
                        "no_features": false
                    },
                    {
                        "spec": "/pa/terrain/ice/brushes/ice_cliff_11.json",
                        "weight": [
                            1,
                            1,
                            1,
                            1
                        ],
                        "proj": "BP_Bend",
                        "op": "BO_Add",
                        "transform": [
                            0.6475760340690613,
                            0.7614583373069763,
                            0.028749767690896988,
                            12.608305931091309,
                            -0.5836774706840515,
                            0.47142237424850464,
                            0.6611213684082031,
                            289.9369812011719,
                            0.4898630976676941,
                            -0.44490692019462585,
                            0.7497279047966003,
                            328.795654296875
                        ],
                        "scale": [
                            1,
                            1,
                            1
                        ],
                        "rotation": 5.406271934509277,
                        "position": [
                            12.608306884765625,
                            289.9369812011719,
                            328.795654296875
                        ],
                        "height": 438.5533142089844,
                        "weightHard": false,
                        "weightScale": [
                            1,
                            1,
                            1
                        ],
                        "mirrored": false,
                        "twinId": 5,
                        "flooded": false,
                        "pathable": false,
                        "mergeable": false,
                        "no_features": false
                    },
                    {
                        "spec": "/pa/terrain/ice/brushes/ice_cliff_09.json",
                        "weight": [
                            1,
                            1,
                            1,
                            1
                        ],
                        "proj": "BP_Bend",
                        "op": "BO_Add",
                        "transform": [
                            -0.4308438003063202,
                            0.6977506875991821,
                            -0.5722914338111877,
                            -257.7186584472656,
                            -0.5796723365783691,
                            -0.7000185251235962,
                            -0.41707804799079895,
                            -187.82177734375,
                            -0.6916310787200928,
                            0.15204599499702454,
                            0.7060654163360596,
                            317.9607849121094
                        ],
                        "scale": [
                            1,
                            1,
                            1
                        ],
                        "rotation": 3.9877727031707764,
                        "position": [
                            -257.71868896484375,
                            -187.82180786132812,
                            317.9607849121094
                        ],
                        "height": 450.3276672363281,
                        "weightHard": false,
                        "weightScale": [
                            1,
                            1,
                            1
                        ],
                        "mirrored": false,
                        "twinId": 6,
                        "flooded": false,
                        "pathable": false,
                        "mergeable": false,
                        "no_features": false
                    },
                    {
                        "spec": "/pa/terrain/ice/brushes/ice_cliff_11.json",
                        "weight": [
                            1,
                            1,
                            1,
                            1
                        ],
                        "proj": "BP_Bend",
                        "op": "BO_Add",
                        "transform": [
                            0.7461683750152588,
                            0.1163945198059082,
                            0.6555035710334778,
                            301.5806884765625,
                            0.5720921158790588,
                            0.391478031873703,
                            -0.7207326889038086,
                            -331.5909423828125,
                            -0.3405044972896576,
                            0.9127963781356812,
                            0.22552013397216797,
                            103.7561264038086
                        ],
                        "scale": [
                            1,
                            1,
                            1
                        ],
                        "rotation": 0.38099050521850586,
                        "position": [
                            301.5806884765625,
                            -331.5909423828125,
                            103.75609588623047
                        ],
                        "height": 460.0747985839844,
                        "weightHard": false,
                        "weightScale": [
                            1,
                            1,
                            1
                        ],
                        "mirrored": false,
                        "twinId": 7,
                        "flooded": false,
                        "pathable": false,
                        "mergeable": false,
                        "no_features": false
                    },
                    {
                        "spec": "/pa/terrain/ice/brushes/ice_cliff_10.json",
                        "weight": [
                            1,
                            1,
                            1,
                            1
                        ],
                        "proj": "BP_Bend",
                        "op": "BO_Add",
                        "transform": [
                            0.8883641958236694,
                            -0.3172423541545868,
                            -0.33191296458244324,
                            -147.94773864746094,
                            -0.15715251863002777,
                            0.4691442549228668,
                            -0.869026243686676,
                            -387.3619689941406,
                            0.43140700459480286,
                            0.8241727948188782,
                            0.3669155240058899,
                            163.54986572265625
                        ],
                        "scale": [
                            1,
                            1,
                            1
                        ],
                        "rotation": 0.11738698184490204,
                        "position": [
                            -147.94773864746094,
                            -387.36199951171875,
                            163.5498809814453
                        ],
                        "height": 445.7425537109375,
                        "weightHard": false,
                        "weightScale": [
                            1,
                            1,
                            1
                        ],
                        "mirrored": false,
                        "twinId": 10,
                        "flooded": false,
                        "pathable": false,
                        "mergeable": false,
                        "no_features": false
                    },
                    {
                        "spec": "/pa/terrain/ice/brushes/ice_cliff_11.json",
                        "weight": [
                            1,
                            1,
                            1,
                            1
                        ],
                        "proj": "BP_Bend",
                        "op": "BO_Add",
                        "transform": [
                            0.5819652080535889,
                            -0.5309733748435974,
                            -0.6159413456916809,
                            -268.36474609375,
                            0.6542738676071167,
                            -0.14409741759300232,
                            0.7424026727676392,
                            323.4637756347656,
                            -0.48295164108276367,
                            -0.8350468277931213,
                            0.2635422945022583,
                            114.82499694824219
                        ],
                        "scale": [
                            1,
                            1,
                            1
                        ],
                        "rotation": 1.2169164419174194,
                        "position": [
                            -268.36474609375,
                            323.4637756347656,
                            114.82501220703125
                        ],
                        "height": 435.69854736328125,
                        "weightHard": false,
                        "weightScale": [
                            1,
                            1,
                            1
                        ],
                        "mirrored": false,
                        "twinId": 11,
                        "flooded": false,
                        "pathable": false,
                        "mergeable": false,
                        "no_features": false
                    },
                    {
                        "spec": "/pa/terrain/ice/brushes/ice_cliff_11.json",
                        "weight": [
                            1,
                            1,
                            1,
                            1
                        ],
                        "proj": "BP_Bend",
                        "op": "BO_Add",
                        "transform": [
                            -0.39717721939086914,
                            -0.9156978726387024,
                            0.061217550188302994,
                            26.906450271606445,
                            0.17778965830802917,
                            -0.011330973356962204,
                            0.9840033650398254,
                            432.490966796875,
                            -0.9003561735153198,
                            0.40170761942863464,
                            0.16730201244354248,
                            73.53289031982422
                        ],
                        "scale": [
                            1,
                            1,
                            1
                        ],
                        "rotation": 1.9283239841461182,
                        "position": [
                            26.906450271606445,
                            432.490966796875,
                            73.532958984375
                        ],
                        "height": 439.5218505859375,
                        "weightHard": false,
                        "weightScale": [
                            1,
                            1,
                            1
                        ],
                        "mirrored": false,
                        "twinId": 12,
                        "flooded": false,
                        "pathable": false,
                        "mergeable": false,
                        "no_features": false
                    },
                    {
                        "spec": "/pa/terrain/ice/brushes/ice_cliff_03.json",
                        "weight": [
                            1,
                            1,
                            1,
                            1
                        ],
                        "proj": "BP_Bend",
                        "op": "BO_Add",
                        "transform": [
                            -0.9711301326751709,
                            -0.06671567261219025,
                            0.2290310114622116,
                            104.1014404296875,
                            -0.12439954280853271,
                            -0.6775806546211243,
                            -0.724851131439209,
                            -329.46649169921875,
                            0.2035459280014038,
                            -0.7324162125587463,
                            0.6497195363044739,
                            295.31695556640625
                        ],
                        "scale": [
                            1,
                            1,
                            1
                        ],
                        "rotation": 3.176565647125244,
                        "position": [
                            104.1014404296875,
                            -329.46649169921875,
                            295.31695556640625
                        ],
                        "height": 454.52984619140625,
                        "weightHard": false,
                        "weightScale": [
                            1,
                            1,
                            1
                        ],
                        "mirrored": false,
                        "twinId": 13,
                        "flooded": false,
                        "pathable": false,
                        "mergeable": false,
                        "no_features": false
                    },
                    {
                        "spec": "/pa/terrain/ice/brushes/ice_cliff_03.json",
                        "weight": [
                            1,
                            1,
                            1,
                            1
                        ],
                        "proj": "BP_Bend",
                        "op": "BO_Add",
                        "transform": [
                            0.9866796731948853,
                            0.007965393364429474,
                            0.16248005628585815,
                            74.79470825195312,
                            -0.05664919689297676,
                            0.9531069993972778,
                            0.2972840964794159,
                            136.84925842285156,
                            -0.15249291062355042,
                            -0.3025285601615906,
                            0.9408625960350037,
                            433.1087951660156
                        ],
                        "scale": [
                            1,
                            1,
                            1
                        ],
                        "rotation": 6.249887466430664,
                        "position": [
                            74.79470825195312,
                            136.84927368164062,
                            433.1087951660156
                        ],
                        "height": 460.33160400390625,
                        "weightHard": false,
                        "weightScale": [
                            1,
                            1,
                            1
                        ],
                        "mirrored": false,
                        "twinId": 14,
                        "flooded": false,
                        "pathable": false,
                        "mergeable": false,
                        "no_features": false
                    },
                    {
                        "spec": "/pa/terrain/ice/brushes/ice_cliff_01.json",
                        "weight": [
                            1,
                            1,
                            1,
                            1
                        ],
                        "proj": "BP_Bend",
                        "op": "BO_Add",
                        "transform": [
                            -0.7240786552429199,
                            -0.018009141087532043,
                            0.6894822716712952,
                            326.9370422363281,
                            0.5492485761642456,
                            -0.6197006702423096,
                            0.5606220364570618,
                            265.83441162109375,
                            0.41717633605003357,
                            0.784631609916687,
                            0.45860356092453003,
                            217.45953369140625
                        ],
                        "scale": [
                            1,
                            1,
                            1
                        ],
                        "rotation": 2.74215030670166,
                        "position": [
                            326.93701171875,
                            265.8343811035156,
                            217.4595489501953
                        ],
                        "height": 474.1775817871094,
                        "weightHard": false,
                        "weightScale": [
                            1,
                            1,
                            1
                        ],
                        "mirrored": false,
                        "twinId": 15,
                        "flooded": false,
                        "pathable": false,
                        "mergeable": false,
                        "no_features": false
                    },
                    {
                        "spec": "/pa/terrain/ice/brushes/ice_cliff_04.json",
                        "weight": [
                            1,
                            1,
                            1,
                            1
                        ],
                        "proj": "BP_Bend",
                        "op": "BO_Add",
                        "transform": [
                            0.12577161192893982,
                            0.602955162525177,
                            0.7877985835075378,
                            369.0570373535156,
                            -0.4311756491661072,
                            0.7484023571014404,
                            -0.5039656758308411,
                            -236.0908966064453,
                            -0.8934590220451355,
                            -0.2762950360774994,
                            0.3541073799133301,
                            165.88734436035156
                        ],
                        "scale": [
                            1,
                            1,
                            1
                        ],
                        "rotation": 5.414161205291748,
                        "position": [
                            369.0570068359375,
                            -236.0908966064453,
                            165.88735961914062
                        ],
                        "height": 468.4662170410156,
                        "weightHard": false,
                        "weightScale": [
                            1,
                            1,
                            1
                        ],
                        "mirrored": false,
                        "twinId": 16,
                        "flooded": false,
                        "pathable": false,
                        "mergeable": false,
                        "no_features": false
                    },
                    {
                        "spec": "/pa/terrain/ice/brushes/ice_cliff_01.json",
                        "weight": [
                            1,
                            1,
                            1,
                            1
                        ],
                        "proj": "BP_Bend",
                        "op": "BO_Add",
                        "transform": [
                            -0.05255363881587982,
                            -0.5322003364562988,
                            -0.8449857234954834,
                            -377.2411193847656,
                            0.8635352849960327,
                            0.40075090527534485,
                            -0.306113600730896,
                            -136.66342163085938,
                            0.5015425682067871,
                            -0.7457624077796936,
                            0.43851280212402344,
                            195.77261352539062
                        ],
                        "scale": [
                            1,
                            1,
                            1
                        ],
                        "rotation": 1.3263144493103027,
                        "position": [
                            -377.24114990234375,
                            -136.66343688964844,
                            195.77261352539062
                        ],
                        "height": 446.4467468261719,
                        "weightHard": false,
                        "weightScale": [
                            1,
                            1,
                            1
                        ],
                        "mirrored": false,
                        "twinId": 18,
                        "flooded": false,
                        "pathable": false,
                        "mergeable": false,
                        "no_features": false
                    },
                    {
                        "spec": "/pa/terrain/ice/brushes/ice_cliff_01.json",
                        "weight": [
                            1,
                            1,
                            1,
                            1
                        ],
                        "proj": "BP_Bend",
                        "op": "BO_Add",
                        "transform": [
                            -0.8541766405105591,
                            0.16740526258945465,
                            -0.492298424243927,
                            -221.16659545898438,
                            0.4070654511451721,
                            -0.373810738325119,
                            -0.8334046602249146,
                            -374.4096374511719,
                            -0.3235427737236023,
                            -0.9122724533081055,
                            0.2511554956436157,
                            112.83238983154297
                        ],
                        "scale": [
                            1,
                            1,
                            1
                        ],
                        "rotation": 2.948850393295288,
                        "position": [
                            -221.1665496826172,
                            -374.4095458984375,
                            112.8324203491211
                        ],
                        "height": 449.25311279296875,
                        "weightHard": false,
                        "weightScale": [
                            1,
                            1,
                            1
                        ],
                        "mirrored": false,
                        "twinId": 19,
                        "flooded": false,
                        "pathable": false,
                        "mergeable": false,
                        "no_features": false
                    },
                    {
                        "spec": "/pa/terrain/ice/brushes/ice_cliff_02.json",
                        "weight": [
                            1,
                            1,
                            1,
                            1
                        ],
                        "proj": "BP_Bend",
                        "op": "BO_Add",
                        "transform": [
                            -0.7021082043647766,
                            -0.5347819328308105,
                            0.47016215324401855,
                            222.70709228515625,
                            0.6290693879127502,
                            -0.775208055973053,
                            0.05765558034181595,
                            27.310379028320312,
                            0.33364033699035645,
                            0.336245059967041,
                            0.8806948065757751,
                            417.1687927246094
                        ],
                        "scale": [
                            1,
                            1,
                            1
                        ],
                        "rotation": 2.4743261337280273,
                        "position": [
                            222.70709228515625,
                            27.310379028320312,
                            417.1688232421875
                        ],
                        "height": 473.68145751953125,
                        "weightHard": false,
                        "weightScale": [
                            1,
                            1,
                            1
                        ],
                        "mirrored": false,
                        "twinId": 20,
                        "flooded": false,
                        "pathable": false,
                        "mergeable": false,
                        "no_features": false
                    },
                    {
                        "spec": "/pa/terrain/ice/brushes/ice_cliff_02.json",
                        "weight": [
                            1,
                            1,
                            1,
                            1
                        ],
                        "proj": "BP_Bend",
                        "op": "BO_Add",
                        "transform": [
                            0.3704768717288971,
                            -0.6030858755111694,
                            0.7064235806465149,
                            323.8321228027344,
                            0.4219559133052826,
                            -0.568259596824646,
                            -0.7064235806465149,
                            -323.8321228027344,
                            0.8274660706520081,
                            0.5597931742668152,
                            0.04394865036010742,
                            20.14653205871582
                        ],
                        "scale": [
                            1,
                            1,
                            1
                        ],
                        "rotation": 1.7614047527313232,
                        "position": [
                            323.8321228027344,
                            -323.8321228027344,
                            20.14654541015625
                        ],
                        "height": 458.41070556640625,
                        "weightHard": false,
                        "weightScale": [
                            1,
                            1,
                            1
                        ],
                        "mirrored": false,
                        "twinId": 21,
                        "flooded": false,
                        "pathable": false,
                        "mergeable": false,
                        "no_features": false
                    },
                    {
                        "spec": "/pa/terrain/ice/brushes/ice_cliff_02.json",
                        "weight": [
                            1,
                            1,
                            1,
                            1
                        ],
                        "proj": "BP_Bend",
                        "op": "BO_Add",
                        "transform": [
                            0.29966387152671814,
                            0.6885893940925598,
                            0.6603378653526306,
                            322.21453857421875,
                            -0.949799120426178,
                            0.2805480659008026,
                            0.13847161829471588,
                            67.56778717041016,
                            -0.08990640938282013,
                            -0.6686832904815674,
                            0.738091766834259,
                            360.1548767089844
                        ],
                        "scale": [
                            1,
                            1,
                            1
                        ],
                        "rotation": 5.052743434906006,
                        "position": [
                            322.2145690917969,
                            67.56779479980469,
                            360.1548767089844
                        ],
                        "height": 487.9540710449219,
                        "weightHard": false,
                        "weightScale": [
                            1,
                            1,
                            1
                        ],
                        "mirrored": false,
                        "twinId": 23,
                        "flooded": false,
                        "pathable": false,
                        "mergeable": false,
                        "no_features": false
                    },
                    {
                        "spec": "/pa/terrain/ice/brushes/ice_cliff_02.json",
                        "weight": [
                            1,
                            1,
                            1,
                            1
                        ],
                        "proj": "BP_Bend",
                        "op": "BO_Add",
                        "transform": [
                            -0.7639751434326172,
                            0.6422606110572815,
                            -0.06199535354971886,
                            -27.22838020324707,
                            -0.08348580449819565,
                            -0.003117825835943222,
                            0.9965041279792786,
                            437.6649475097656,
                            0.6398220062255859,
                            0.766480028629303,
                            0.05600160360336304,
                            24.595924377441406
                        ],
                        "scale": [
                            1,
                            1,
                            1
                        ],
                        "rotation": 3.899301290512085,
                        "position": [
                            -27.228376388549805,
                            437.6649169921875,
                            24.595911026000977
                        ],
                        "height": 439.2003479003906,
                        "weightHard": false,
                        "weightScale": [
                            1,
                            1,
                            1
                        ],
                        "mirrored": false,
                        "twinId": 24,
                        "flooded": false,
                        "pathable": false,
                        "mergeable": false,
                        "no_features": false
                    },
                    {
                        "spec": "/pa/terrain/ice/brushes/ice_cliff_01.json",
                        "weight": [
                            1,
                            1,
                            1,
                            1
                        ],
                        "proj": "BP_Bend",
                        "op": "BO_Add",
                        "transform": [
                            0.3798522353172302,
                            0.8292349576950073,
                            0.40997761487960815,
                            185.70579528808594,
                            0.17073965072631836,
                            0.37273263931274414,
                            -0.9120955467224121,
                            -413.14801025390625,
                            -0.9091534614562988,
                            0.4164610207080841,
                            5.960464477539063e-8,
                            0.000026998859539162368
                        ],
                        "scale": [
                            1,
                            1,
                            1
                        ],
                        "rotation": 5.564367771148682,
                        "position": [
                            185.70579528808594,
                            -413.14801025390625,
                            0
                        ],
                        "height": 452.9656982421875,
                        "weightHard": false,
                        "weightScale": [
                            1,
                            1,
                            1
                        ],
                        "mirrored": false,
                        "twinId": 0,
                        "flooded": false,
                        "pathable": false,
                        "mergeable": false,
                        "no_features": false
                    },
                    {
                        "spec": "/pa/terrain/ice/brushes/ice_cliff_04.json",
                        "weight": [
                            1,
                            1,
                            1,
                            1
                        ],
                        "proj": "BP_Bend",
                        "op": "BO_Add",
                        "transform": [
                            0.8539040088653564,
                            -0.4867779016494751,
                            -0.18410688638687134,
                            -82.44539642333984,
                            -0.13174809515476227,
                            0.1400461196899414,
                            -0.9813407063484192,
                            -439.4568176269531,
                            0.5034784078598022,
                            0.8622264266014099,
                            0.05545389652252197,
                            24.832958221435547
                        ],
                        "scale": [
                            1,
                            1,
                            1
                        ],
                        "rotation": 0.34306642413139343,
                        "position": [
                            -82.44538879394531,
                            -439.456787109375,
                            24.832889556884766
                        ],
                        "height": 447.81268310546875,
                        "weightHard": false,
                        "weightScale": [
                            1,
                            1,
                            1
                        ],
                        "mirrored": false,
                        "twinId": 25,
                        "flooded": false,
                        "pathable": false,
                        "mergeable": false,
                        "no_features": false
                    },
                    {
                        "spec": "/pa/terrain/ice/brushes/ice_cliff_03.json",
                        "weight": [
                            1,
                            1,
                            1,
                            1
                        ],
                        "proj": "BP_Bend",
                        "op": "BO_Add",
                        "transform": [
                            -0.14821115136146545,
                            -0.32840481400489807,
                            -0.9328364133834839,
                            -413.3778381347656,
                            0.9584484696388245,
                            -0.2801763415336609,
                            -0.053644437342882156,
                            -23.772035598754883,
                            -0.24374161660671234,
                            -0.902026355266571,
                            0.35628437995910645,
                            157.88412475585938
                        ],
                        "scale": [
                            1,
                            1,
                            1
                        ],
