{
    "name": "TWBaby",
    "creator": "AndreasG",
    "version": "1",
    "date": "2016/04/17",		
    "planets": [
        {
            "name": "Stignitum",
            "mass": 50000,
            "position_x": 34200,
            "position_y": -5500,
            "velocity_x": 19.076187133789062,
            "velocity_y": 118.61922454833984,
            "required_thrust_to_move": 0,
            "starting_planet": false,
            "respawn": false,
            "start_destroyed": false,
            "min_spawn_delay": 0,
            "max_spawn_delay": 0,
            "planet": {
                "seed": 1711396480,
                "radius": 600,
                "heightRange": 0,
                "waterHeight": 0,
                "waterDepth": 100,
                "temperature": 65,
                "metalDensity": 0,
                "metalClusters": 0,
                "metalSpotLimit": -1,
                "biomeScale": 100.00000013739177,
                "biome": "gas",
                "symmetryType": "none",
                "symmetricalMetal": false,
                "symmetricalStarts": false,
                "numArmies": 2,
                "landingZonesPerArmy": 0,
                "landingZoneSize": 0
            },
            "source": {
                "brushes": [],
                "metal_spots": [],
                "landing_zones": {
                    "list": [],
                    "rules": []
                }
            },
            "planetCSG": [],
            "metal_spots": [],
            "landing_zones": {
                "list": [],
                "rules": []
            }
        },
        {
            "name": "Mithron",
            "mass": 5000,
            "position_x": 39000,
            "position_y": -4700,
            "velocity_x": 56.338844299316406,
            "velocity_y": -104.95667266845703,
            "required_thrust_to_move": 3,
            "starting_planet": true,
            "respawn": false,
            "start_destroyed": false,
            "min_spawn_delay": 0,
            "max_spawn_delay": 0,
            "planet": {
                "seed": 1076198272,
                "radius": 600,
                "heightRange": 0,
                "waterHeight": 0,
                "waterDepth": 100,
                "temperature": 0,
                "metalDensity": 0,
                "metalClusters": 0,
                "metalSpotLimit": -1,
                "biomeScale": 50,
                "biome": "moon",
                "symmetryType": "terrain and CSG",
                "symmetricalMetal": true,
                "symmetricalStarts": true,
                "numArmies": 2,
                "landingZonesPerArmy": 0,
                "landingZoneSize": 0
            },
            "source": {
                "brushes": [
                    {
                        "spec": "/pa/terrain/lava/brushes/lava_metal_t1_large_4_ramp.json",
                        "weight": [
                            1,
                            1,
                            1,
                            1
                        ],
                        "proj": "BP_Bend",
                        "op": "BO_Add",
                        "transform": [
                            1.018959641456604,
                            0.0013332366943359375,
                            -0.29209452867507935,
                            -165.1390838623047,
                            -0.29209622740745544,
                            0.0014717057347297668,
                            -1.0189589262008667,
                            -576.0804443359375,
                            -0.0008760392665863037,
                            1.0599980354309082,
                            0.0017820809734985232,
                            1.0075204372406006
                        ],
                        "scale": [
                            1.059999942779541,
                            1.059999942779541,
                            1.059999942779541
                        ],
                        "rotation": -0.2800000011920929,
                        "position": [
                            -165.13906860351562,
                            -576.0805053710938,
                            1.007537841796875
                        ],
                        "height": 599.283447265625,
                        "weightHard": false,
                        "weightScale": [
                            1,
                            1,
                            1
                        ],
                        "mirrored": false,
                        "twinId": 0,
                        "flooded": false,
                        "pathable": true,
                        "mergeable": false,
                        "no_features": true
                    },
                    {
                        "spec": "/pa/terrain/lava/brushes/lava_metal_t1_large_4_ramp.json",
                        "weight": [
                            1,
                            1,
                            1,
                            1
                        ],
                        "proj": "BP_Bend",
                        "op": "BO_Add",
                        "transform": [
                            0.4581345319747925,
                            -0.0024945586919784546,
                            -0.8888794183731079,
                            -533.6912231445312,
                            -0.8888694047927856,
                            0.004220128059387207,
                            -0.4581412672996521,
                            -275.0721435546875,
                            0.0048940181732177734,
                            0.9999880194664001,
                            -0.00028395652770996094,
                            -0.1704900562763214
                        ],
                        "scale": [
                            1,
                            1,
                            1
                        ],
                        "rotation": -1.0899993181228638,
                        "position": [
                            -533.691162109375,
                            -275.0721130371094,
                            -0.170440673828125
                        ],
                        "height": 600.4089965820312,
                        "weightHard": false,
                        "weightScale": [
                            1,
                            1,
                            1
                        ],
                        "mirrored": false,
                        "twinId": 0,
                        "flooded": false,
                        "pathable": true,
                        "mergeable": false,
                        "no_features": true
                    },
                    {
                        "spec": "/pa/terrain/lava/brushes/lava_metal_t1_large_4_ramp.json",
                        "weight": [
                            1,
                            1,
                            1,
                            1
                        ],
                        "proj": "BP_Bend",
                        "op": "BO_Add",
                        "transform": [
                            -0.2732163965702057,
                            0.010207727551460266,
                            -0.9618983864784241,
                            -574.2073974609375,
                            -0.9619225263595581,
                            0.005006119608879089,
                            0.27327635884284973,
                            163.13291931152344,
                            0.007604926824569702,
                            0.9999352693557739,
                            0.008451282978057861,
                            5.0450119972229
                        ],
                        "scale": [
                            1,
                            1,
                            1
                        ],
                        "rotation": -1.8399986028671265,
                        "position": [
                            -574.2073974609375,
                            163.13291931152344,
                            5.044952392578125
                        ],
                        "height": 596.9522094726562,
                        "weightHard": false,
                        "weightScale": [
                            1,
                            1,
                            1
                        ],
                        "mirrored": false,
                        "twinId": 0,
                        "flooded": false,
                        "pathable": true,
                        "mergeable": false,
                        "no_features": true
                    },
                    {
                        "spec": "/pa/terrain/lava/brushes/lava_metal_t1_large_4_ramp.json",
                        "weight": [
                            1,
                            1,
                            1,
                            1
                        ],
                        "proj": "BP_Bend",
                        "op": "BO_Add",
                        "transform": [
                            0.858354926109314,
                            -0.016211003065109253,
                            -0.5128001570701599,
                            -308.024658203125,
                            0.512927234172821,
                            0.004691973328590393,
                            0.8584191203117371,
                            515.6282958984375,
                            -0.01150977611541748,
                            -0.9998574256896973,
                            0.012342453002929688,
                            7.413764953613281
                        ],
                        "scale": [
                            1,
                            1,
                            1
                        ],
                        "rotation": 0.5499997735023499,
                        "position": [
                            -308.0246887207031,
                            515.6283569335938,
                            7.413669586181641
                        ],
                        "height": 600.6719360351562,
                        "weightHard": false,
                        "weightScale": [
                            1,
                            1,
                            1
                        ],
                        "mirrored": false,
                        "twinId": 0,
                        "flooded": false,
                        "pathable": true,
                        "mergeable": false,
                        "no_features": true
                    },
                    {
                        "spec": "/pa/terrain/lava/brushes/lava_metal_t1_large_4_ramp.json",
                        "weight": [
                            1,
                            1,
                            1,
                            1
                        ],
                        "proj": "BP_Bend",
                        "op": "BO_Add",
                        "transform": [
                            0.9636814594268799,
                            -0.009379774332046509,
                            0.26688966155052185,
                            160.29653930664062,
                            -0.26686087250709534,
                            0.004214085638523102,
                            0.9637261033058167,
                            578.8233642578125,
                            -0.010164216160774231,
                            -0.9999473690986633,
                            0.0015579462051391602,
                            0.935717761516571
                        ],
                        "scale": [
                            1,
                            1,
                            1
                        ],
                        "rotation": -0.2600000202655792,
                        "position": [
                            160.29649353027344,
                            578.8231811523438,
                            0.9358482360839844
                        ],
                        "height": 600.6098022460938,
                        "weightHard": false,
                        "weightScale": [
                            1,
                            1,
                            1
                        ],
                        "mirrored": false,
                        "twinId": 0,
                        "flooded": false,
                        "pathable": true,
                        "mergeable": false,
                        "no_features": true
                    },
                    {
                        "spec": "/pa/terrain/lava/brushes/lava_metal_t1_large_4_ramp.json",
                        "weight": [
                            1,
                            1,
                            1,
                            1
                        ],
                        "proj": "BP_Bend",
                        "op": "BO_Add",
                        "transform": [
                            0.4947274625301361,
                            -0.00966845452785492,
                            0.8689942359924316,
                            520.7715454101562,
                            -0.8689483404159546,
                            0.009659558534622192,
                            0.4948085844516754,
                            296.5292663574219,
                            -0.013178080320358276,
                            -0.9999064207077026,
                            -0.0036225318908691406,
                            -2.1709136962890625
                        ],
                        "scale": [
                            1,
                            1,
                            1
                        ],
                        "rotation": -1.0399993658065796,
                        "position": [
                            520.7716064453125,
                            296.529296875,
                            -2.171052932739258
                        ],
                        "height": 599.28076171875,
                        "weightHard": false,
                        "weightScale": [
                            1,
                            1,
                            1
                        ],
                        "mirrored": false,
                        "twinId": 0,
                        "flooded": false,
                        "pathable": true,
                        "mergeable": false,
                        "no_features": true
                    },
                    {
                        "spec": "/pa/terrain/lava/brushes/lava_metal_t1_large_4_ramp.json",
                        "weight": [
                            1,
                            1,
                            1,
                            1
                        ],
                        "proj": "BP_Bend",
                        "op": "BO_Add",
                        "transform": [
                            0.272594690322876,
                            0.0017241090536117554,
                            0.9621273875236511,
                            577.4459228515625,
                            0.9621174931526184,
                            0.004399716854095459,
                            -0.2725997269153595,
                            -163.60784912109375,
                            -0.00470307469367981,
                            0.9999887347221375,
                            -0.00045943260192871094,
                            -0.27574047446250916
                        ],
                        "scale": [
                            1,
                            1,
                            1
                        ],
                        "rotation": 1.2899991273880005,
                        "position": [
                            577.4459228515625,
                            -163.6078643798828,
                            -0.27577877044677734
                        ],
                        "height": 600.1761474609375,
                        "weightHard": false,
                        "weightScale": [
                            1,
                            1,
                            1
                        ],
                        "mirrored": false,
                        "twinId": 0,
                        "flooded": false,
                        "pathable": true,
                        "mergeable": false,
                        "no_features": true
                    },
                    {
                        "spec": "/pa/terrain/lava/brushes/lava_metal_t1_large_4_ramp.json",
                        "weight": [
                            1,
                            1,
                            1,
                            1
                        ],
                        "proj": "BP_Bend",
                        "op": "BO_Add",
                        "transform": [
                            0.868797779083252,
                            0.0025058984756469727,
                            0.5099577307701111,
                            303.804931640625,
                            0.5150372385978699,
                            0.0059533268213272095,
                            -0.8601909875869751,
                            -512.4547119140625,
                            -0.005191534757614136,
                            1.009979248046875,
                            0.003805100917816162,
                            2.2668709754943848
                        ],
                        "scale": [
                            1.0099999904632568,
                            1.0099999904632568,
                            1
                        ],
                        "rotation": 0.5299997925758362,
                        "position": [
                            303.804931640625,
                            -512.4547729492188,
                            2.266815185546875
                        ],
                        "height": 595.7453002929688,
                        "weightHard": false,
                        "weightScale": [
                            1,
                            1,
                            1
                        ],
                        "mirrored": false,
                        "twinId": 0,
                        "flooded": false,
                        "pathable": true,
                        "mergeable": false,
                        "no_features": true
                    },
                    {
                        "spec": "/pa/terrain/lava/brushes/lava_metal_t2_medium_2_ramp.json",
                        "weight": [
                            1,
                            1,
                            1,
                            1
                        ],
                        "proj": "BP_Bend",
                        "op": "BO_Add",
                        "transform": [
                            0.10570548474788666,
                            -0.9598200917243958,
                            -0.25994572043418884,
                            -155.69439697265625,
                            0.3304911255836487,
                            0.2804603576660156,
                            -0.9011756777763367,
                            -539.7588500976562,
                            0.937870979309082,
                            0.009349450469017029,
                            0.3468582034111023,
                            207.75059509277344
                        ],
                        "scale": [
                            1,
                            1,
                            1
                        ],
                        "rotation": 1.2799991369247437,
                        "position": [
                            -155.69439697265625,
                            -539.7588500976562,
                            207.7506103515625
                        ],
                        "height": 598.9496459960938,
                        "weightHard": false,
                        "weightScale": [
                            1,
                            1,
                            1
                        ],
                        "mirrored": false,
                        "twinId": 8,
                        "flooded": false,
                        "pathable": true,
                        "mergeable": false,
                        "no_features": true
                    },
                    {
                        "spec": "/pa/terrain/lava/brushes/lava_metal_t2_medium_2_ramp.json",
                        "weight": [
                            1,
                            1,
                            1,
                            1
                        ],
                        "proj": "BP_Bend",
                        "op": "BO_Add",
                        "transform": [
                            0.10570548474788666,
                            -0.9598200917243958,
                            -0.25994572043418884,
                            -155.69439697265625,
                            0.3304911255836487,
                            0.2804603576660156,
                            -0.9011756777763367,
                            -539.7588500976562,
                            -0.937870979309082,
                            -0.009349450469017029,
                            -0.3468582034111023,
                            -207.75059509277344
                        ],
                        "scale": [
                            1,
                            1,
                            1
                        ],
                        "rotation": 1.2799991369247437,
                        "position": [
                            -155.69439697265625,
                            -539.7588500976562,
                            207.7506103515625
                        ],
                        "height": 598.9496459960938,
                        "weightHard": false,
                        "weightScale": [
                            1,
                            1,
                            1
                        ],
                        "mirrored": true,
                        "twinId": 8,
                        "flooded": false,
                        "pathable": true,
                        "mergeable": false,
                        "no_features": true
                    },
                    {
                        "spec": "/pa/terrain/lava/brushes/lava_metal_t2_medium_2_ramp.json",
                        "weight": [
                            1,
                            1,
                            1,
                            1
                        ],
                        "proj": "BP_Bend",
                        "op": "BO_Add",
                        "transform": [
                            0.1673356592655182,
                            0.8576515316963196,
                            0.4862433075904846,
                            289.48211669921875,
                            -0.30318742990493774,
                            0.5140630006790161,
                            -0.8023818135261536,
                            -477.6933288574219,
                            -0.9381237030029297,
                            -0.013155758380889893,
                            0.3460502028465271,
                            206.0189666748047
                        ],
                        "scale": [
                            1,
                            1,
                            1
                        ],
                        "rotation": -1.0399993658065796,
                        "position": [
                            289.48211669921875,
                            -477.693359375,
                            206.01895141601562
                        ],
                        "height": 595.3441772460938,
                        "weightHard": false,
                        "weightScale": [
                            1,
                            1,
                            1
                        ],
                        "mirrored": false,
                        "twinId": 9,
                        "flooded": false,
                        "pathable": true,
                        "mergeable": false,
                        "no_features": true
                    },
                    {
                        "spec": "/pa/terrain/lava/brushes/lava_metal_t2_medium_2_ramp.json",
                        "weight": [
                            1,
                            1,
                            1,
                            1
                        ],
                        "proj": "BP_Bend",
                        "op": "BO_Add",
                        "transform": [
                            0.1673356592655182,
                            0.8576515316963196,
                            0.4862433075904846,
                            289.48211669921875,
                            -0.30318742990493774,
                            0.5140630006790161,
                            -0.8023818135261536,
                            -477.6933288574219,
                            0.9381237030029297,
                            0.013155758380889893,
                            -0.3460502028465271,
                            -206.0189666748047
                        ],
                        "scale": [
                            1,
                            1,
                            1
                        ],
                        "rotation": -1.0399993658065796,
                        "position": [
                            289.48211669921875,
                            -477.693359375,
                            206.01895141601562
                        ],
                        "height": 595.3441772460938,
                        "weightHard": false,
                        "weightScale": [
                            1,
                            1,
                            1
                        ],
                        "mirrored": true,
                        "twinId": 9,
                        "flooded": false,
                        "pathable": true,
                        "mergeable": false,
                        "no_features": true
                    },
                    {
                        "spec": "/pa/terrain/lava/brushes/lava_metal_t2_medium_2_ramp.json",
                        "weight": [
                            1,
                            1,
                            1,
                            1
                        ],
                        "proj": "BP_Bend",
                        "op": "BO_Add",
                        "transform": [
                            0.3198106288909912,
                            0.2819981575012207,
                            0.9045431017875671,
                            541.7628173828125,
                            -0.09973376989364624,
                            0.9593972563743591,
                            -0.26383745670318604,
                            -158.0215606689453,
                            -0.9422178268432617,
                            -0.005835443735122681,
                            0.33495014905929565,
                            200.61346435546875
                        ],
                        "scale": [
                            1,
                            1,
                            1
                        ],
                        "rotation": -0.28999999165534973,
                        "position": [
                            541.7628173828125,
                            -158.02157592773438,
                            200.613525390625
                        ],
                        "height": 598.935302734375,
                        "weightHard": false,
                        "weightScale": [
                            1,
                            1,
                            1
                        ],
                        "mirrored": false,
                        "twinId": 10,
                        "flooded": false,
                        "pathable": true,
                        "mergeable": false,
                        "no_features": true
                    },
                    {
                        "spec": "/pa/terrain/lava/brushes/lava_metal_t2_medium_2_ramp.json",
                        "weight": [
                            1,
                            1,
                            1,
                            1
                        ],
                        "proj": "BP_Bend",
                        "op": "BO_Add",
                        "transform": [
                            0.3198106288909912,
                            0.2819981575012207,
                            0.9045431017875671,
                            541.7628173828125,
                            -0.09973376989364624,
                            0.9593972563743591,
                            -0.26383745670318604,
                            -158.02154541015625,
                            0.9422178268432617,
                            0.005835443735122681,
                            -0.33495014905929565,
                            -200.6134490966797
                        ],
                        "scale": [
                            1,
                            1,
                            1
                        ],
                        "rotation": -0.28999999165534973,
                        "position": [
                            541.7628173828125,
                            -158.02157592773438,
                            200.613525390625
                        ],
                        "height": 598.935302734375,
                        "weightHard": false,
                        "weightScale": [
                            1,
                            1,
                            1
                        ],
                        "mirrored": true,
                        "twinId": 10,
                        "flooded": false,
                        "pathable": true,
                        "mergeable": false,
                        "no_features": true
                    },
                    {
                        "spec": "/pa/terrain/lava/brushes/lava_metal_t2_medium_2_ramp.json",
                        "weight": [
                            1,
                            1,
                            1,
                            1
                        ],
                        "proj": "BP_Bend",
                        "op": "BO_Add",
                        "transform": [
                            0.28709176182746887,
                            -0.487898051738739,
                            0.8243383765220642,
                            492.7319030761719,
                            0.14575064182281494,
                            0.8727949261665344,
                            0.46581730246543884,
                            278.43304443359375,
                            -0.9467496871948242,
                            -0.013584434986114502,
                            0.3216836452484131,
                            192.28001403808594
                        ],
                        "scale": [
                            1,
                            1,
                            1
                        ],
                        "rotation": 0.4999998211860657,
                        "position": [
                            492.73193359375,
                            278.4330749511719,
                            192.2800750732422
                        ],
                        "height": 597.7301635742188,
                        "weightHard": false,
                        "weightScale": [
                            1,
                            1,
                            1
                        ],
                        "mirrored": false,
                        "twinId": 11,
                        "flooded": false,
                        "pathable": true,
                        "mergeable": false,
                        "no_features": true
                    },
                    {
                        "spec": "/pa/terrain/lava/brushes/lava_metal_t2_medium_2_ramp.json",
                        "weight": [
                            1,
                            1,
                            1,
                            1
                        ],
                        "proj": "BP_Bend",
                        "op": "BO_Add",
                        "transform": [
                            0.28709176182746887,
                            -0.487898051738739,
                            0.8243383765220642,
                            492.7319030761719,
                            0.14575064182281494,
                            0.8727949261665344,
                            0.46581730246543884,
                            278.43304443359375,
                            0.9467496871948242,
                            0.013584434986114502,
                            -0.3216836452484131,
                            -192.28001403808594
                        ],
                        "scale": [
                            1,
                            1,
                            1
                        ],
                        "rotation": 0.4999998211860657,
                        "position": [
                            492.73193359375,
                            278.4330749511719,
                            192.2800750732422
                        ],
                        "height": 597.7301635742188,
                        "weightHard": false,
                        "weightScale": [
                            1,
                            1,
                            1
                        ],
                        "mirrored": true,
                        "twinId": 11,
                        "flooded": false,
                        "pathable": true,
                        "mergeable": false,
                        "no_features": true
                    },
                    {
                        "spec": "/pa/terrain/lava/brushes/lava_metal_t2_medium_2_ramp.json",
                        "weight": [
                            1,
                            1,
                            1,
                            1
                        ],
                        "proj": "BP_Bend",
                        "op": "BO_Add",
                        "transform": [
                            -0.10066847503185272,
                            0.9630221724510193,
                            0.24990811944007874,
                            150.21954345703125,
                            -0.32731226086616516,
                            -0.26925861835479736,
                            0.9057408571243286,
                            544.4400634765625,
                            0.9395384788513184,
                            0.009381547570228577,
                            0.34231483936309814,
                            205.76515197753906
                        ],
                        "scale": [
                            1,
                            1,
                            1
                        ],
                        "rotation": -1.8499985933303833,
                        "position": [
                            150.21954345703125,
                            544.4400024414062,
                            205.7651824951172
                        ],
                        "height": 601.09912109375,
                        "weightHard": false,
                        "weightScale": [
                            1,
                            1,
                            1
                        ],
                        "mirrored": false,
                        "twinId": 12,
                        "flooded": false,
                        "pathable": true,
                        "mergeable": false,
                        "no_features": true
                    },
                    {
                        "spec": "/pa/terrain/lava/brushes/lava_metal_t2_medium_2_ramp.json",
                        "weight": [
                            1,
                            1,
                            1,
                            1
                        ],
                        "proj": "BP_Bend",
                        "op": "BO_Add",
                        "transform": [
                            -0.10066847503185272,
                            0.9630221724510193,
                            0.24990811944007874,
                            150.21954345703125,
                            -0.32731226086616516,
                            -0.26925861835479736,
                            0.9057408571243286,
                            544.4400634765625,
                            -0.9395384788513184,
                            -0.009381547570228577,
                            -0.34231483936309814,
                            -205.76516723632812
                        ],
                        "scale": [
                            1,
                            1,
                            1
                        ],
                        "rotation": -1.8499985933303833,
                        "position": [
                            150.21954345703125,
                            544.4400024414062,
                            205.7651824951172
                        ],
                        "height": 601.09912109375,
                        "weightHard": false,
                        "weightScale": [
                            1,
                            1,
                            1
                        ],
                        "mirrored": true,
                        "twinId": 12,
                        "flooded": false,
                        "pathable": true,
                        "mergeable": false,
                        "no_features": true
                    },
                    {
                        "spec": "/pa/terrain/lava/brushes/lava_metal_t2_medium_2_ramp.json",
                        "weight": [
                            1,
                            1,
                            1,
                            1
                        ],
                        "proj": "BP_Bend",
                        "op": "BO_Add",
                        "transform": [
                            0.16607218980789185,
                            0.8587595224380493,
                            -0.4847186505794525,
                            -290.92144775390625,
                            -0.2968893051147461,
                            0.5122798681259155,
                            0.8058696985244751,
                            483.671875,
                            0.940359890460968,
                            0.010075241327285767,
                            0.3400319218635559,
                            204.0824737548828
                        ],
                        "scale": [
                            1,
                            1,
                            1
                        ],
                        "rotation": -1.0399993658065796,
                        "position": [
                            -290.9215087890625,
                            483.67193603515625,
                            204.08250427246094
